-0.201337
-0.00140167
-0.210533
0.00139667
-0.218132
0.00299667
-0.227728
-0.000601667
-0.231727
0.00259667
-0.241323
0.00259667
-0.242923
-0.00140167
-0.246922
0.000198333
-0.25212
-0.000601667
-0.258918
-0.00140167
-0.265315
-0.000201667
-0.274513
0.00139667
-0.28011
0.000198333
-0.286508
-0.0054
-0.292107
0.00219667
-0.294907
-0.000201667
-0.302103
-0.000201667
-0.309302
0.000198333
-0.3137
0.00219667
-0.319698
0.000596667
-0.327695
0.00259667
-0.333293
0.00139667
-0.337692
0.000596667
-0.346888
0.00179667
-0.350888
-0.00140167
-0.353287
-0.00100167
-0.362883
0.00419667
-0.366483
0.000198333
-0.37488
-0.00380167
-0.379678
0.00459667
-0.389675
-0.00260167
-0.394473
0.009395
-0.396873
-0.000201667
-0.40327
0.00219667
-0.40727
0.00219667
-0.411268
-0.005
-0.416867
0.00259667
-0.424063
0.00139667
-0.43326
0.00179667
-0.43766
0.00259667
-0.444057
0.000996667
-0.450055
0.00179667
-0.454853
-0.000201667
-0.459652
-0.000201667
-0.463252
0.00179667
-0.46645
0.00259667
-0.475247
0.000198333
-0.484043
0.000596667
-0.487643
0.000996667
-0.492842
0.000596667
-0.500438
-0.00140167
-0.505237
0.00299667
-0.510435
0.000198333
-0.513635
0.000996667
-0.52483
0.00299667
-0.522432
-0.00300167
-0.531628
0.00219667
-0.538427
0.007795
-0.544825
0.00179667
-0.548023
0.000996667
-0.552822
0.00259667
-0.56002
0.000996667
-0.561618
-0.00340167
-0.565218
-0.00300167
-0.570815
0.00539667
-0.577213
-0.00260167
-0.583212
0.000596667
-0.58841
-0.00260167
-0.593608
0.000996667
-0.598807
-0.00140167
-0.602005
-0.000201667
-0.607203
0.00139667
-0.611203
-0.000201667
-0.6168
0.000996667
-0.622398
0.00219667
-0.628797
0.000198333
-0.635995
0.000996667
-0.637593
0.000596667
-0.642792
0.00299667
-0.64959
0.00139667
-0.653188
-0.00380167
-0.654388
0.00299667
-0.659587
0.000996667
-0.666385
-0.000601667
-0.671983
0.00259667
-0.676382
-0.000601667
-0.68078
0.00499667
-0.68158
0.00179667
-0.686778
-0.000601667
-0.691977
-0.00180167
-0.688377
-0.0098
-0.696775
-0.000601667
-0.704772
-0.000601667
-0.71237
-0.00340167
-0.71277
-0.00140167
-0.719567
0.000198333
-0.725165
0.00299667
-0.724365
0.00299667
-0.731163
-0.00180167
-0.734762
0.000198333
-0.74036
-0.00140167
-0.74316
0.000996667
-0.749157
-0.000201667
-0.750757
-0.000601667
-0.757555
0.000996667
-0.762353
0.000198333
-0.766352
0.00259667
-0.76955
-0.00180167
-0.77395
-0.000201667
-0.775548
0.00139667
-0.781947
-0.00100167
-0.786745
0.000596667
-0.790743
0.000996667
-0.795142
0.00219667
-0.797542
0.000996667
-0.80034
-0.000201667
-0.80474
0.00339667
-0.807938
-0.00140167
-0.814337
-0.000201667
-0.817135
0.00379667
-0.820733
-0.00100167
-0.823933
0.00139667
-0.828332
0.000198333
-0.829932
-0.0078
-0.83273
-0.00220167
-0.837928
-0.0066
-0.839928
0.008995
-0.843927
0.00259667
-0.843527
0.00259667
-0.850325
-0.000601667
-0.858322
0.00179667
-0.856722
0.006195
-0.860722
-0.00420167
-0.86432
-0.000201667
-0.86592
0.00459667
-0.86632
-0.00380167
-0.870718
0.000996667
-0.875117
-0.00180167
-0.878715
0.00219667
-0.881913
0.00139667
-0.887112
-0.00100167
-0.889512
0.00179667
-0.889512
0.000996667
-0.89231
-0.000201667
-0.89431
-0.00380167
-0.897108
-0.000601667
-0.901508
0.000996667
-0.905107
-0.000201667
-0.908705
0.000198333
-0.910705
0.006995
-0.911505
-0.00140167
-0.915503
0.009395
-0.918702
-0.00100167
-0.918702
0.00219667
-0.920702
0.000596667
-0.9255
0.000198333
-0.9247
-0.0173967
-0.931898
-0.0121983
-0.931098
0.00219667
-0.939895
0.006595
-0.939495
-0.00180167
-0.935897
-0.000201667
-0.940695
0.008595
-0.948692
0.000198333
-0.947893
-0.00180167
-0.941895
-0.000601667
-0.949092
0.00259667
-0.951892
0.000198333
-0.951492
0.00139667
-0.95549
-0.000201667
-0.961088
-0.00260167
-0.95789
0.00219667
-0.958288
0.00139667
-0.961488
0.000996667
-0.964687
0.000198333
-0.967487
0.000596667
-0.967887
0.000596667
-0.970285
-0.000601667
-0.971485
-0.00100167
-0.971085
0.000596667
-0.972285
-0.00460167
-0.973483
0.00179667
-0.974283
-0.00380167
-0.978283
-0.00100167
-0.981882
0.005795
-0.982282
-0.000201667
-0.981082
0.00219667
-0.981882
0.000996667
-0.983082
0.000596667
-0.982682
-0.0082
-0.98628
-0.00220167
-0.990278
0.007395
-0.989878
-0.000201667
-0.992678
0.000596667
-0.98868
0.000596667
-0.992278
0.005795
-0.993078
-0.000201667
-0.995477
-0.00180167
-0.992278
0.00139667
-0.992278
0.000996667
-0.993478
-0.00260167
-0.991878
-0.000201667
-0.997877
-0.00140167
-0.997077
0.000996667
-0.997077
-0.000201667
-0.999475
-0.00180167
-0.997477
0.00299667
-0.996677
0.00179667
-0.998677
0.000198333
-0.997877
0.000198333
-0.998677
-0.00100167
-0.999075
0.00139667
-1.00147
0.00459667
-0.999475
0.000996667
-0.998677
-0.00100167
-0.999075
-0.00380167
-1.00028
0.00419667
-1.00028
0.000996667
-0.999875
-0.00140167
-1.00067
0.000198333
-1.00028
-0.00180167
-0.999875
0.000198333
-0.999075
0.006595
-0.999475
0.00259667
-0.999475
0.00299667
-0.999875
0.00499667
-0.995077
-0.00180167
-0.999075
0.006595
-1.00107
0.00459667
-0.998277
0.00539667
-1.00307
-0.00260167
-0.998677
-0.000201667
-0.996277
0.006595
-0.994277
-0.000601667
-0.992278
-0.000601667
-0.994677
-0.00140167
-0.992278
0.00299667
-0.992278
0.00139667
-0.993877
0.000996667
-0.992278
-0.00100167
-0.990678
0.000198333
-0.98868
0.000198333
-0.98628
-0.00180167
-0.989478
0.00179667
-0.98428
0.008995
-0.98548
-0.00100167
-0.98508
0.000996667
-0.98548
-0.000601667
-0.98388
0.000596667
-0.989078
0.00459667
-0.978682
0.000198333
-0.976283
0.00139667
-0.975883
0.000198333
-0.974283
-0.00180167
-0.973085
0.000996667
-0.966687
-0.0189967
-0.967887
-0.0082
-0.969485
-0.00220167
-0.969485
-0.00300167
-0.964687
-0.007
-0.962688
0.000996667
-0.962688
0.00259667
-0.959888
-0.0062
-0.95709
0.00339667
-0.95389
0.000198333
-0.95789
-0.0062
-0.95549
0.000996667
-0.952292
0.00139667
-0.951092
-0.000601667
-0.947893
0.00179667
-0.943893
-0.00180167
-0.941495
-0.000601667
-0.940295
0.000596667
-0.941095
0.000996667
-0.936697
0.00139667
-0.936697
-0.000601667
-0.934697
0.00219667
-0.929898
0.000198333
-0.9271
0.000996667
-0.9263
0.00139667
-0.9235
0.000198333
-0.920702
0.005795
-0.9263
-0.000601667
-0.917502
0.000596667
-0.915103
0.000996667
-0.911105
-0.00380167
-0.908705
-0.000201667
-0.905107
-0.000201667
-0.905507
-0.00340167
-0.89551
0.00139667
-0.89671
-0.000601667
-0.89471
0.000198333
-0.888312
-0.000601667
-0.889512
0.00139667
-0.887512
-0.000201667
-0.881515
-0.00420167
-0.878715
0.008595
-0.876317
-0.00420167
-0.873117
-0.00100167
-0.871517
0.000996667
-0.868718
-0.000601667
-0.867118
0.00259667
-0.86432
0.000198333
-0.860322
-0.00100167
-0.853123
-0.00100167
-0.850725
-0.00220167
-0.849925
0.000996667
-0.843527
0.00139667
-0.841527
-0.000201667
-0.839928
0.000198333
-0.83553
0.000596667
-0.838328
0.00219667
-0.828732
-0.000201667
-0.825133
0.00179667
-0.824333
-0.00460167
-0.817135
-0.000601667
-0.810737
-0.00220167
-0.810337
0.00259667
-0.806738
0.00179667
-0.80314
0.00179667
-0.80154
0.000596667
-0.807138
0.010195
-0.792343
0.006195
-0.788345
0.000996667
-0.779548
-0.0066
-0.776348
0.00139667
-0.775548
0.00379667
-0.77075
-0.005
-0.766352
-0.00180167
-0.762753
0.00259667
-0.751557
0.00299667
-0.755955
0.000996667
-0.749957
0.00219667
-0.746758
0.00219667
-0.74236
-0.000201667
-0.74156
0.000198333
-0.735162
-0.000601667
-0.731163
0.000596667
-0.726765
0.00299667
-0.721967
0.000596667
-0.716768
-0.00100167
-0.71277
0.00219667
-0.70877
0.000198333
-0.703173
-0.00300167
-0.698373
0.00299667
-0.695175
0.00139667
-0.692377
0.00139667
-0.688377
-0.005
-0.686778
0.00219667
-0.676782
-0.00220167
-0.672383
-0.00140167
-0.665585
0.00339667
-0.658787
0.00299667
-0.660387
0.00459667
-0.655988
0.008595
-0.64999
-0.000201667
-0.643992
-0.000601667
-0.641993
0.00419667
-0.636395
-0.00140167
-0.628797
-0.00340167
-0.622798
0.00219667
-0.624398
0.00339667
-0.6184
-0.0054
-0.613602
0.00299667
-0.604405
0.00219667
-0.600807
0.000596667
-0.595208
0.000198333
-0.59041
-0.000201667
-0.58641
-0.00260167
-0.578013
0.00139667
-0.572015
-0.00140167
-0.568017
-0.000201667
-0.563618
-0.000201667
-0.562818
-0.00140167
-0.555222
0.000198333
-0.551622
0.000596667
-0.543625
-0.000601667
-0.538027
0.000596667
-0.532028
-0.00140167
-0.520832
-0.000201667
-0.523232
-0.00180167
-0.517233
0.000198333
-0.512435
0.00299667
-0.506037
0.000198333
-0.501638
-0.000201667
-0.49564
-0.00180167
-0.490042
0.00219667
-0.481245
0.007395
-0.480845
0.00539667
-0.473248
0.000596667
-0.462452
-0.00220167
-0.46405
-0.000201667
-0.462452
0.000996667
-0.449255
-0.0074
-0.446057
0.000996667
-0.442058
-0.00420167
-0.43326
-0.000601667
-0.427663
0.00139667
-0.421665
0.000996667
-0.415667
-0.00140167
-0.412068
-0.000601667
-0.408068
0.00459667
-0.398872
0.000996667
-0.395673
-0.00260167
-0.387675
0.000996667
-0.379278
-0.000201667
-0.37448
-0.00140167
-0.368482
0.000596667
-0.364083
-0.00140167
-0.356087
-0.000201667
-0.355287
0.00299667
-0.34249
0.00339667
-0.34289
-0.000601667
-0.335293
0.000198333
-0.328495
-0.00100167
-0.321697
-0.000601667
-0.3149
-0.000601667
-0.309702
-0.000601667
-0.305303
-0.00300167
-0.299305
-0.00140167
-0.297705
0.00299667
-0.286108
0.005795
-0.28331
0.00339667
-0.272113
0.000198333
-0.265315
0.00339667
-0.262117
0.000198333
-0.25292
-0.00340167
-0.249322
-0.00140167
-0.240923
-0.00180167
-0.238925
-0.00180167
-0.233727
-0.000201667
-0.230127
-0.00180167
-0.21893
0.000596667
-0.212933
-0.000201667
-0.205735
-0.000601667
-0.197738
0.000996667
-0.195338
0.000596667
-0.18934
0.000996667
-0.184542
0.00139667
-0.176545
-0.000601667
-0.170947
-0.000201667
-0.166148
-0.00100167
-0.154552
0.00139667
-0.150153
0.00379667
-0.146555
-0.00140167
-0.140157
-0.00100167
-0.134558
0.00139667
-0.126562
0.000996667
-0.120163
-0.000201667
-0.113765
-0.000201667
-0.106168
0.000198333
-0.101768
-0.00180167
-0.09817
0.000596667
-0.0909733
0.000596667
-0.083375
0.007795
-0.0801767
0.00179667
-0.0717783
-0.000201667
-0.0617817
0.00539667
-0.0617817
-0.000601667
-0.0497867
-0.0078
-0.0413883
-0.000601667
-0.03859
0.00459667
-0.0309917
-0.000601667
-0.0309917
-0.005
-0.022995
0.00179667
-0.0141983
-0.000201667
-0.0058
0.000198333
-0.00100167
0.000198333
0.00499667
0.00179667
0.0125933
0.000596667
0.0193917
-0.000201667
0.02499
0.000596667
0.0301883
-0.00140167
0.0273883
0.00379667
0.0417833
0.00179667
0.0485817
-0.000201667
0.05218
-0.000201667
0.0625767
0.000596667
0.0665767
-0.00140167
0.0749733
0.000596667
0.0809717
0.000596667
0.08697
0.000596667
0.0925667
-0.000201667
0.098965
0.00419667
0.106163
-0.000201667
0.108162
0.000996667
0.118158
0.00539667
0.123757
0.005795
0.131755
-0.00300167
0.136553
-0.00340167
0.137753
-0.000201667
0.151748
-0.0074
0.163345
0.000996667
0.161345
-0.00140167
0.170142
0.00379667
0.17454
-0.00260167
0.181738
-0.000201667
0.186937
-0.00180167
0.193335
-0.00100167
0.200532
0.000596667
0.20613
-0.000201667
0.20853
-0.00140167
0.217327
-0.00140167
0.224125
0.000198333
0.224125
-0.00140167
0.23612
-0.00220167
0.242518
0.00299667
0.248517
0.000996667
0.253315
-0.00340167
0.258513
-0.00420167
0.26611
-0.00260167
0.273708
-0.000201667
0.279707
-0.00100167
0.284505
0.000996667
0.291302
0.00259667
0.2977
0.000996667
0.2985
-0.00100167
0.307697
0.000596667
0.314495
0.00139667
0.318493
-0.0169967
0.333288
-0.0074
0.332488
-0.00140167
0.338087
-0.00180167
0.345685
-0.00420167
0.353682
0.00179667
0.36008
0.006195
0.36008
-0.000201667
0.369277
0.00139667
0.368877
-0.00100167
0.376875
0.00139667
0.382473
-0.00220167
0.39167
0.000198333
0.397268
0.000996667
0.403665
0.000198333
0.407265
-0.000201667
0.408463
-0.00380167
0.41886
0.00179667
0.425258
0.000996667
0.429257
-0.00100167
0.437655
-0.00260167
0.444452
0.005795
0.448052
-0.00100167
0.455248
-0.00100167
0.458848
-0.00100167
0.464445
0.000996667
0.471243
-0.00180167
0.473243
0.00139667
0.478842
-0.00100167
0.486038
-0.000601667
0.493237
0.000198333
0.497235
-0.00260167
0.503633
-0.00100167
0.508432
-0.00260167
0.520427
0.005795
0.516828
0.00179667
0.523627
-0.00380167
0.532023
0.000198333
0.527225
0.00499667
0.540022
-0.000201667
0.546418
-0.00140167
0.551217
0.00339667
0.550418
-0.0062
0.560015
-0.00260167
0.566412
0.00139667
0.57201
-0.00140167
0.57521
-0.00260167
0.582807
0.000198333
0.590005
0.000996667
0.592403
-0.00420167
0.598002
0.000996667
0.604
-0.00380167
0.608398
-0.00140167
0.612397
-0.00380167
0.621595
-0.00100167
0.621195
-0.00100167
0.627592
-0.0054
0.631992
0.000596667
0.639988
-0.000601667
0.644387
-0.000601667
0.647587
-0.00100167
0.651985
-0.00300167
0.651585
-0.000601667
0.659982
0.00179667
0.66518
-0.00180167
0.671578
-0.00100167
0.676377
-0.000601667
0.678377
-0.0141983
0.684773
-0.0086
0.689572
-0.005
0.689572
0.007395
0.69637
0.000996667
0.701568
-0.00100167
0.703168
0.00139667
0.706767
0.00379667
0.714363
-0.00260167
0.720762
-0.00220167
0.72436
0.000596667
0.731958
-0.00100167
0.731958
0.00339667
0.738357
0.000996667
0.739157
-0.00100167
0.744753
0.00379667
0.749153
0.000596667
0.753952
-0.000601667
0.75955
0.00139667
0.75595
-0.00180167
0.766347
-0.00260167
0.766747
-0.00180167
0.772745
0.000996667
0.777943
0.000596667
0.783142
-0.00260167
0.784342
0.000198333
0.791138
0.000996667
0.794338
-0.000201667
0.797137
-0.000201667
0.801535
-0.000601667
0.806733
0.00179667
0.808733
-0.000201667
0.809533
0.00219667
0.810733
-0.0125983
0.814732
-0.00140167
0.815532
0.00299667
0.826727
0.000596667
0.831127
0.00219667
0.833125
-0.000601667
0.839523
-0.00420167
0.837523
0.007395
0.841123
-0.00180167
0.844722
0.000596667
0.84992
-0.00180167
0.852718
0.00139667
0.856718
0.000596667
0.860717
-0.00180167
0.862315
-0.000601667
0.867513
0.000596667
0.869913
-0.000601667
0.871513
-0.000201667
0.875512
-0.00380167
0.87751
-0.000601667
0.883108
0.000596667
0.887507
0.00139667
0.889507
-0.00100167
0.890307
-0.00140167
0.893505
-0.000201667
0.894305
-0.00100167
0.897903
-0.000201667
0.902303
0.00219667
0.903102
0.000198333
0.906702
-0.000601667
0.9099
0.00139667
0.913098
-0.00140167
0.914698
-0.00100167
0.918297
-0.0145983
0.918297
-0.00220167
0.922697
-0.00180167
0.924695
-0.00300167
0.927095
-0.00100167
0.929493
0.00299667
0.928693
-0.0066
0.937092
-0.000601667
0.937092
0.000996667
0.935492
-0.00140167
0.93869
0.000596667
0.94189
-0.000201667
0.945488
0.000996667
0.946688
-0.00220167
0.949087
0.00259667
0.951887
-0.00140167
0.955485
0.000198333
0.951487
0.010195
0.955885
-0.000601667
0.957885
-0.00300167
0.958685
0.000596667
0.960283
-0.000201667
0.962283
-0.000601667
0.963083
0.000996667
0.967082
0.000596667
0.968282
-0.000601667
0.96948
-0.00340167
0.96988
0.00139667
0.97148
-0.00220167
0.97388
0.00379667
0.976278
-0.00140167
0.977078
0.000198333
0.978678
0.000996667
0.980277
-0.0078
0.981077
0.000596667
0.985875
-0.00220167
0.983477
0.00219667
0.984675
0.00139667
0.989473
-0.00140167
0.987475
0.00139667
0.980677
0.00299667
0.989873
0.00179667
0.989473
-0.000601667
0.989873
-0.00180167
0.989873
-0.000201667
0.993073
0.00139667
0.991873
0.00139667
0.995872
-0.00380167
0.993873
-0.00180167
0.994672
0.00179667
0.99987
-0.00100167
0.994672
-0.000601667
0.999072
-0.000201667
0.998272
-0.000601667
0.998272
-0.000201667
0.997472
-0.00100167
0.998672
0.00139667
0.999472
0.000996667
1.00067
-0.000601667
0.995472
0.00339667
1.00107
-0.000201667
1.00227
-0.00260167
0.998272
-0.00420167
0.997872
-0.00220167
1.00187
0.00259667
1.00147
-0.00100167
0.995072
-0.00260167
1.00147
0.008995
0.99987
0.00139667
1.00067
0.00139667
1.00267
-0.00140167
0.997872
0.005795
0.997472
0.00419667
0.999472
-0.000201667
1.00067
0.00299667
0.996672
-0.00140167
0.997872
0.000596667
0.999072
0.00299667
0.995872
-0.00140167
0.997072
0.00139667
0.995472
-0.00180167
0.993873
0.000198333
0.977078
0.000198333
0.993873
0.000996667
0.993873
-0.000201667
0.993873
-0.00140167
0.989873
0.000198333
0.991473
0.000596667
0.990273
-0.00100167
0.991073
0.00139667
0.988275
0.000996667
0.985475
-0.00140167
0.985875
0.00259667
0.982277
-0.00180167
0.983477
0.000996667
0.986275
0.000596667
0.979877
-0.00100167
0.981877
-0.000201667
0.980277
0.00459667
0.979877
0.00179667
0.97068
0.00259667
0.97268
-0.00100167
0.97268
0.00379667
0.96948
0.00499667
0.96948
0.007795
0.96948
-0.00140167
0.967082
-0.00140167
0.966282
-0.0062
0.964682
0.000596667
0.961883
0.00179667
0.959883
0.000596667
0.958685
0.008595
0.955885
0.000596667
0.954685
0.000996667
0.956285
0.00219667
0.950287
-0.000601667
0.951087
-0.000601667
0.950687
0.006995
0.948687
-0.00100167
0.94349
-0.00300167
0.94189
-0.000601667
0.937492
-0.000201667
0.937892
0.000996667
0.935492
-0.00100167
0.932293
-0.00220167
0.931493
0.00139667
0.930293
-0.000201667
0.927095
0.000198333
0.924295
0.00179667
0.921497
0.000596667
0.919097
0.000596667
0.915898
-0.000201667
0.907502
0.008995
0.914298
0.00379667
0.907502
0.000596667
0.906302
-0.000201667
0.904702
-0.0078
0.903102
-0.00100167
0.893905
-0.00140167
0.895105
0.00259667
0.895505
-0.005
0.887108
-0.00140167
0.887507
0.00179667
0.884308
-0.00100167
0.87991
0.000596667
0.876712
-0.00140167
0.873112
-0.005
0.872312
0.00139667
0.868313
-0.00140167
0.865915
0.007795
0.863115
0.00539667
0.855118
-0.00300167
0.853118
-0.00100167
0.854718
0.000198333
0.84912
0.00379667
0.84712
0.000996667
0.839523
-0.00140167
0.836325
0.00219667
0.835525
0.000996667
0.832325
0.00139667
0.828327
0.00139667
0.823928
-0.000201667
0.82113
-0.0062
0.81673
-0.000201667
0.811932
0.000596667
0.800737
0.0113933
0.806333
0.006995
0.805135
0.000996667
0.797937
0.00499667
0.78994
0.00459667
0.792738
0.00139667
0.78914
0.00139667
0.783142
0.007395
0.780742
-0.000601667
0.774345
-0.00180167
0.771945
-0.000601667
0.780343
0.00179667
0.765147
-0.000601667
0.75875
-0.0149967
0.75755
-0.00180167
0.751952
-0.000201667
0.746353
-0.000201667
0.742755
-0.00140167
0.735957
-0.000601667
0.733158
0.000198333
0.730358
-0.00140167
0.72556
-0.0054
0.72436
0.000198333
0.718363
0.000596667
0.713165
-0.000601667
0.709165
-0.00260167
0.701968
-0.000601667
0.699968
-0.00140167
0.69517
-0.00140167
0.689972
-0.0054
0.687573
-0.000201667
0.677177
-0.00420167
0.66758
-0.000201667
0.66598
0.009395
0.669578
0.00219667
0.66678
-0.00300167
0.656383
0.00459667
0.650785
0.00459667
0.646387
-0.000201667
0.644787
-0.00300167
0.63519
0.009795
0.631592
0.00539667
0.631992
0.00179667
0.622793
-0.00300167
0.617995
-0.00180167
0.613197
-0.00100167
0.607998
0.00139667
0.604
-0.00100167
0.599202
-0.000201667
0.594803
-0.000201667
0.586805
-0.00140167
0.584007
-0.00300167
0.578008
-0.00100167
0.569212
-0.00140167
0.568012
0.000996667
0.562813
-0.00180167
0.555217
-0.00380167
0.554817
-0.00140167
0.548018
-0.00420167
0.54522
-0.00220167
0.537222
-0.00140167
0.533623
0.00139667
0.524027
-0.00220167
0.520827
-0.00220167
0.51523
0.00139667
0.51043
0.000198333
0.504833
-0.0125983
0.500033
-0.0058
0.497635
-0.00220167
0.490437
0.00139667
0.48204
-0.00180167
0.476842
-0.000601667
0.474043
-0.00140167
0.462847
0.00339667
0.461247
0.00539667
0.459247
-0.00220167
0.45245
-0.00460167
0.445652
-0.0062
0.433657
-0.00100167
0.433657
0.00139667
0.428857
0.000596667
0.42126
-0.00100167
0.415662
0.000198333
0.409663
-0.00140167
0.405265
-0.00180167
0.400067
0.000996667
0.394068
-0.00100167
0.387272
-0.000201667
0.378873
-0.00140167
0.376075
-0.00140167
0.367677
0.000198333
0.36208
0.000198333
0.356882
-0.000201667
0.351683
-0.00180167
0.338887
0.00219667
0.346085
0.000996667
0.334088
-0.00180167
0.32809
-0.000201667
0.322092
-0.00140167
0.316893
0.005795
0.306497
-0.00380167
0.301298
0.00219667
0.291702
0.00499667
0.290103
0.000996667
0.285305
0.00339667
0.280507
0.009795
0.272508
-0.00220167
0.26851
-0.00380167
0.260912
0.000198333
0.255313
0.00139667
0.246917
0.00139667
0.241718
-0.000201667
0.23772
0.000596667
0.230522
-0.00100167
0.224923
0.000198333
0.216527
-0.00180167
0.214527
0.000596667
0.20693
-0.00100167
0.200132
-0.00100167
0.194133
0.000596667
0.186937
0.00299667
0.182538
-0.00100167
0.17734
-0.0062
0.171742
0.00219667
0.165343
0.000996667
0.158545
0.000198333
0.152148
0.00179667
0.14535
0.000198333
0.139752
-0.000601667
0.132953
0.000996667
0.125757
-0.000601667
0.121358
-0.00140167
0.11456
-0.007
0.112162
0.0133933
0.101365
0.00499667
0.097765
-0.00180167
0.0901683
0.00259667
0.08617
0.00419667
0.0741733
-0.0086
0.0741733
-0.00220167
0.0657767
-0.0062
0.0577783
0.00259667
0.0613783
0.000198333
0.0445833
0.000996667
0.038185
0.000596667
0.0325867
0.000596667
0.02539
0.000996667
0.02099
-0.00180167
0.0133933
-0.000201667
0.010195
0.00139667
0.00299667
0.000596667
-0.00420167
0.000198333
-0.0113983
0.000596667
-0.0173967
0.000198333
-0.024595
0.00179667
-0.0309917
-0.00140167
-0.03779
0.000596667
-0.0413883
0.00339667
-0.0497867
-0.00460167
-0.0561833
0.00139667
-0.0613817
0.000198333
-0.06738
0.00139667
-0.07098
0.000996667
-0.081775
-0.000601667
-0.0873733
0.000198333
-0.0929717
0.00499667
-0.10097
-0.00220167
-0.10097
-0.00260167
-0.102568
-0.000201667
-0.120963
-0.00260167
-0.124562
-0.00260167
-0.13176
0.006195
-0.138957
0.00499667
-0.142555
0.00139667
-0.149353
-0.0074
-0.154552
0.00139667
-0.16175
0.000996667
-0.165748
0.000996667
-0.172547
-0.00260167
-0.183342
0.000996667
-0.184542
0.006995
-0.19174
0.00179667
-0.201337
-0.00180167
-0.206935
-0.000601667
-0.211733
0.00139667
-0.216932
0.000198333
-0.224528
0.00139667
-0.228928
-0.0074
-0.234525
-0.00420167
-0.243723
0.000596667
-0.247322
-0.00380167
-0.25412
0.000198333
-0.259717
0.00259667
-0.264517
-0.000601667
-0.269715
-0.00180167
-0.276112
-0.00140167
-0.28371
0.000198333
-0.291307
0.000198333
-0.297305
0.000198333
-0.301703
0.00299667
-0.309302
0.006195
-0.316898
-0.000601667
-0.320498
0.000198333
-0.328895
-0.00220167
-0.333293
-0.00100167
-0.337292
-0.00260167
-0.34449
0.00539667
-0.351288
-0.00460167
-0.357685
-0.000601667
-0.362883
0.000996667
-0.368882
-0.00180167
-0.37368
0.00139667
-0.383277
0.000596667
-0.383677
-0.00100167
-0.391275
0.00259667
-0.394473
-0.00220167
-0.401672
0.000596667
-0.408868
0.000596667
-0.414867
0.00139667
-0.420865
-0.007
-0.422065
0.00139667
-0.430862
-0.000601667
-0.43446
-0.00100167
-0.441658
-0.00100167
-0.449655
0.000996667
-0.454853
0.00179667
-0.460852
-0.00100167
-0.46485
0.00179667
-0.470848
0.000198333
-0.475647
0.00139667
-0.480045
0.000596667
-0.488043
0.000596667
-0.49444
0.010195
-0.49924
0.00299667
-0.502038
0.00179667
-0.511235
-0.00460167
-0.516033
0.00219667
-0.514833
-0.005
-0.523632
-0.00340167
-0.52683
0.006595
-0.538027
-0.0054
-0.543225
-0.00100167
-0.547623
0.000596667
-0.552422
0.000198333
-0.55802
0.00379667
-0.561218
0.00299667
-0.568017
-0.000201667
-0.572015
0.000996667
-0.577613
-0.00100167
-0.582412
0.000996667
-0.58681
-0.000201667
-0.599207
-0.00140167
-0.597207
0.000996667
-0.603605
0.00139667
-0.610403
-0.00420167
-0.613602
0.000198333
-0.616002
0.000996667
-0.622798
-0.00220167
-0.627197
-0.00300167
-0.631597
-0.0058
-0.635595
0.00179667
-0.642792
0.00339667
-0.646792
-0.00220167
-0.65159
0.00179667
-0.655588
0.000996667
-0.661987
-0.0078
-0.663185
-0.0074
-0.667185
-0.00460167
-0.674382
0.00459667
-0.68158
-0.0058
-0.68118
-0.0094
-0.689577
0.000198333
-0.691977
0.00219667
-0.697975
-0.000201667
-0.702773
0.00139667
-0.705172
0.00139667
-0.70917
0.000596667
-0.71277
0.00139667
-0.715568
0.000996667
-0.724365
0.00219667
-0.728365
0.000996667
-0.732763
0.000198333
-0.737562
-0.00180167
-0.74156
0.00219667
-0.74236
0.00259667
-0.749157
-0.00140167
-0.753557
0.000996667
-0.759155
0.000596667
-0.762753
-0.000601667
-0.765952
0.00339667
-0.76955
0.000198333
-0.77355
-0.000601667
-0.775948
0.000198333
-0.779947
-0.00100167
-0.784747
0.000596667
-0.787945
0.00139667
-0.793143
0.000198333
-0.797142
0.00219667
-0.80154
-0.0074
-0.808738
0.000198333
-0.810737
-0.00220167
-0.815535
0.00219667
-0.816735
-0.00380167
-0.810337
-0.00140167
-0.823933
-0.00100167
-0.827932
-0.000601667
-0.830332
-0.00180167
-0.83473
-0.00220167
-0.836728
0.000198333
-0.839128
-0.000201667
-0.843127
-0.000201667
-0.846325
0.000996667
-0.849525
-0.000201667
-0.853123
0.000996667
-0.857122
-0.00220167
-0.860722
0.00299667
-0.86352
0.000996667
-0.86632
0.000996667
-0.869118
0.00259667
-0.874717
0.000996667
-0.873517
0.000198333
-0.878315
0.000996667
-0.881515
0.000996667
-0.885913
0.000596667
-0.887112
0.00179667
-0.891512
-0.00100167
-0.89471
0.00219667
-0.89551
-0.00140167
-0.898708
0.000996667
-0.901108
0.000596667
-0.903507
0.000198333
-0.906707
0.0173917
-0.911105
0.00259667
-0.914303
-0.00420167
-0.915903
0.010195
-0.9231
0.00459667
-0.922302
-0.000601667
-0.9239
0.000198333
-0.9255
0.008595
-0.929898
-0.000601667
-0.929898
-0.000601667
-0.932697
0.000596667
-0.933497
0.00219667
-0.937097
0.000996667
-0.941495
-0.000601667
-0.941495
-0.00140167
-0.944293
0.000198333
-0.944293
0.00219667
-0.945493
-0.00180167
-0.947893
0.00539667
-0.949492
0.0109933
-0.952692
-0.000201667
-0.95669
-0.000201667
-0.958288
-0.000601667
-0.958288
0.000996667
-0.961888
-0.0058
-0.963088
0.00139667
-0.961088
0.00179667
-0.965487
-0.00100167
-0.968287
-0.00140167
-0.970285
0.000996667
-0.969085
0.000596667
-0.971085
0.000996667
-0.973483
0.00259667
-0.971885
-0.00180167
-0.972285
0.00299667
-0.978682
0.000596667
-0.977083
-0.007
-0.976283
-0.00140167
-0.980682
0.000996667
-0.98428
-0.000601667
-0.982282
-0.0101983
-0.983082
0.000198333
-0.98708
-0.00100167
-0.98668
0.000198333
-0.98828
-0.00220167
-0.989078
-0.0058
-0.992678
0.00219667
-0.991878
0.000198333
-0.993078
0.000596667
-0.993877
0.00219667
-0.994277
0.00299667
-0.993078
0.007795
-0.994677
-0.000201667
-0.995477
-0.00180167
-0.994277
0.000996667
-0.998277
-0.000201667
-0.996677
0.00379667
-0.997877
0.000596667
-1.00028
0.000596667
-1.00067
-0.000601667
-0.999875
0.000596667
-0.999075
0.000596667
-0.999875
0.00259667
-0.995877
-0.00380167
-0.999875
-0.00220167
-0.999875
-0.00340167
-1.00307
0.0133933
-1.00107
-0.00100167
-1.00347
-0.0078
-0.999875
0.000596667
-1.00228
-0.00140167
-1.00067
-0.0074
-0.998277
-0.00380167
-1.00188
0.00379667
-1.00147
-0.00300167
-1.00228
0.00219667
-0.999875
0.00179667
-1.00627
-0.00140167
-0.999475
0.00259667
-0.999075
0.000198333
-0.997477
0.00139667
-0.998277
-0.000201667
-0.999475
-0.00140167
-0.994677
-0.00380167
-0.994677
0.000198333
-0.998277
-0.000601667
-0.996277
0.000996667
-0.996277
0.00419667
-0.991078
0.000596667
-0.993078
-0.00100167
-0.989878
0.00139667
-0.989078
0.000996667
-0.991078
-0.00300167
-0.990278
0.00259667
-0.989078
0.00299667
-0.989078
-0.000201667
-0.98708
0.00299667
-0.98588
-0.00180167
-0.98788
0.000596667
-0.981482
0.008595
-0.980682
-0.000601667
-0.983482
0.006995
-0.982282
0.000198333
-0.979882
0.00179667
-0.982282
-0.00340167
-0.977083
0.00459667
-0.973483
0.000996667
-0.970285
-0.00420167
-0.971885
-0.000201667
-0.965887
0.006595
-0.969485
0.000996667
-0.970285
-0.00100167
-0.967087
-0.000601667
-0.965487
0.00219667
-0.959888
0.00139667
-0.960688
-0.0058
-0.95589
0.00139667
-0.95509
-0.000601667
-0.952292
0.00139667
-0.949492
0.00139667
-0.950692
0.000198333
-0.946693
0.000198333
-0.949092
-0.00220167
-0.946293
0.00139667
-0.941895
0.000996667
-0.939495
-0.000601667
-0.935097
0.00139667
-0.935897
-0.00100167
-0.932697
0.000596667
-0.937097
0.00139667
-0.931498
0.00179667
-0.9267
0.006595
-0.9255
0.00459667
-0.9235
0.00219667
-0.919102
-0.00340167
-0.915503
-0.00100167
-0.914303
0.006195
-0.914303
-0.005
-0.907505
-0.005
-0.905507
0.00299667
-0.903907
-0.005
-0.902307
0.000198333
-0.904307
-0.00140167
-0.89311
0.00179667
-0.890312
-0.007
-0.887912
-0.000601667
-0.884713
-0.000601667
-0.883113
0.00419667
-0.881515
-0.000601667
-0.879515
-0.00140167
-0.873517
-0.00140167
-0.870718
0.000996667
-0.867518
-0.00100167
-0.86392
0.000996667
-0.859922
-0.000201667
-0.858722
0.00379667
-0.854323
0.00539667
-0.853123
-0.000201667
-0.851923
0.00139667
-0.845127
-0.000601667
-0.841527
0.00459667
-0.837128
-0.00260167
-0.83073
-0.00340167
-0.830332
-0.00460167
-0.827532
0.000198333
-0.825932
0.00139667
-0.818735
0.00139667
-0.819135
0.00139667
-0.814337
-0.000201667
-0.808338
-0.00140167
-0.806338
0.00459667
-0.80154
0.005795
-0.80234
-0.000601667
-0.793143
0.00459667
-0.793543
0.00379667
-0.789943
-0.000601667
-0.783947
0.00419667
-0.782347
0.000996667
-0.775948
0.000996667
-0.77115
-0.00260167
-0.765952
-0.000601667
-0.765152
0.00219667
-0.757155
-0.00220167
-0.755955
-0.000601667
-0.753157
0.00139667
-0.748358
-0.000601667
-0.74356
-0.000201667
-0.73996
0.000198333
-0.733163
-0.00100167
-0.728763
-0.000601667
-0.725965
0.00219667
-0.718767
0.00539667
-0.714368
0.00299667
-0.713568
-0.000601667
-0.71197
0.00499667
-0.705172
0.005795
-0.699573
0.00139667
-0.693575
-0.000201667
-0.686378
-0.0153967
-0.687178
-0.00420167
-0.686378
-0.00260167
-0.67958
-0.000201667
-0.675182
-0.0078
-0.660787
-0.00260167
-0.661987
-0.00140167
-0.657987
-0.00420167
-0.652788
-0.0078
-0.645992
0.006195
-0.641993
-0.00100167
-0.639193
-0.000201667
-0.633995
0.000596667
-0.641593
0.00179667
-0.625998
-0.00140167
-0.622398
0.00139667
-0.616402
0.000996667
-0.608803
0.000996667
-0.606803
-0.00140167
-0.597607
0.000596667
-0.592408
0.000596667
-0.59001
0.00179667
-0.585612
-0.00100167
-0.579613
0.000996667
-0.573615
-0.000601667
-0.569217
-0.00380167
-0.564018
-0.00220167
-0.55842
0.00139667
-0.551622
0.00179667
-0.555222
-0.00420167
-0.544825
0.00299667
-0.538427
-0.000601667
-0.532828
0.00139667
-0.52763
0.0137933
-0.52563
-0.000601667
-0.516433
0.00259667
-0.510835
-0.000601667
-0.506837
-0.0074
-0.49644
-0.00260167
-0.493242
-0.00220167
-0.488843
-0.00140167
-0.482045
-0.0105983
-0.481245
0.00259667
-0.471248
0.00259667
-0.46645
-0.00180167
-0.453653
0.000596667
-0.453255
0.00339667
-0.450855
0.007795
-0.445257
-0.00100167
-0.440458
-0.000601667
-0.43406
-0.00180167
-0.428062
-0.00100167
-0.423263
-0.000201667
-0.415667
0.00219667
-0.410068
-0.000201667
-0.40447
0.000996667
-0.399272
0.00179667
-0.394873
-0.000201667
-0.389675
-0.007
-0.382877
0.000596667
-0.37528
0.00259667
-0.369682
0.006595
-0.363283
0.00299667
-0.356885
0.00139667
-0.350888
0.000198333
-0.346888
0.00539667
-0.340892
0.0165917
-0.332893
0.00379667
-0.327295
0.00179667
-0.323697
0.00139667
-0.3121
-0.0054
-0.310102
0.000996667
-0.306102
0.000198333
-0.295307
-0.000201667
-0.286508
-0.00260167
-0.290507
0.00139667
-0.28131
0.00179667
-0.278512
-0.0066
-0.267315
0.000996667
-0.261717
-0.00260167
-0.254918
0.00339667
-0.248122
-0.000601667
-0.242123
-0.000201667
-0.236925
-0.000201667
-0.231727
0.00259667
-0.226528
-0.000201667
-0.22013
0.000596667
-0.212533
0.00139667
-0.203337
-0.000201667
-0.200537
-0.00180167
-0.194138
0.00219667
-0.186542
0.006195
-0.182543
-0.00340167
-0.179743
0.00139667
-0.174545
0.00539667
-0.166548
0.00379667
-0.15815
-0.00220167
-0.154552
-0.000201667
-0.144555
-0.007
-0.138557
-0.0153967
-0.12816
0.00299667
-0.124562
-0.0062
-0.118163
-0.0062
-0.112565
0.006195
-0.111367
0.000996667
-0.102968
-0.00100167
-0.09977
0.00379667
-0.0953717
0.009795
-0.084575
-0.005
-0.0737783
-0.00100167
-0.06978
0.00339667
-0.0637817
-0.00180167
-0.0589833
-0.000201667
-0.052985
-0.000201667
-0.0469867
0.000996667
-0.04019
-0.00100167
-0.0321917
-0.000601667
-0.0269933
0.000198333
-0.0181967
0.00139667
-0.0129983
-0.000601667
-0.0086
0.000198333
-0.000601667
0.000198333
0.00379667
0.000596667
0.0105933
0.000596667
0.0161917
0.006995
0.02139
-0.00140167
0.0281883
0.000596667
0.038585
-0.00140167
0.0449833
-0.000201667
0.0493817
-0.005
0.05218
0.00219667
0.0577783
0.00419667
0.0637767
0.006195
0.0741733
0.000596667
0.0789717
0.00499667
0.08417
0.010195
0.0933667
0.00139667
0.101365
-0.000601667
0.107363
0.000198333
0.111362
-0.00300167
0.117758
-0.0133983
0.131355
0.00419667
0.130555
-0.00180167
0.136953
0.000198333
0.14375
-0.000601667
0.150548
0.00259667
0.156547
-0.00140167
0.163345
-0.000601667
0.168143
0.000596667
0.171742
-0.000601667
0.179338
0.00179667
0.188537
0.000596667
0.191735
-0.000601667
0.197733
-0.00100167
0.20573
0.00179667
0.212128
0.000596667
0.218927
-0.0197967
0.224525
-0.00300167
0.231722
0.00299667
0.23532
-0.00100167
0.240918
0.00139667
0.246517
-0.00380167
0.253315
-0.000201667
0.262512
0.000198333
0.26811
0.000596667
0.272108
-0.00180167
0.280507
-0.005
0.285705
-0.0066
0.290103
-0.0121983
0.2981
-0.00140167
0.2989
-0.000601667
0.310897
0.00139667
0.315295
0.006195
0.318893
0.00259667
0.32849
0.00339667
0.332888
-0.00300167
0.336488
0.00139667
0.343685
0.00219667
0.348083
-0.000601667
0.355682
-0.000201667
0.36128
0.00179667
0.368077
-0.00220167
0.373675
-0.00300167
0.378873
-0.00180167
0.387672
-0.00100167
0.39127
-0.00220167
0.396068
-0.0074
0.398067
0.00179667
0.406865
0.006595
0.412463
-0.000601667
0.41846
-0.00420167
0.428458
0.00339667
0.430057
-0.0062
0.435255
-0.000201667
0.443653
-0.00100167
0.445652
-0.00180167
0.45125
-0.00300167
0.459647
-0.00260167
0.464047
0.00139667
0.468845
0.00539667
0.477242
0.000596667
0.48124
0.0185917
0.48364
-0.0062
0.490037
0.000198333
0.486038
-0.0082
0.498035
-0.000201667
0.508032
-0.00340167
0.51323
-0.00100167
0.520427
-0.00100167
0.523227
-0.000201667
0.529625
0.00139667
0.536422
-0.000201667
0.539222
-0.00100167
0.54482
-0.0062
0.548818
-0.000601667
0.555217
0.000596667
0.562413
-0.00260167
0.565213
-0.00140167
0.57241
0.000596667
0.576808
-0.00100167
0.582807
0.00139667
0.586007
0.000596667
0.591605
-0.00140167
0.596403
0.00139667
0.6028
-0.000201667
0.6048
-0.00220167
0.612397
-0.00260167
0.617595
-0.00100167
0.622393
-0.00140167
0.627592
0.00339667
0.632392
0.00539667
0.63679
0.000596667
0.643987
-0.00340167
0.644387
-0.00180167
0.653183
-0.0082
0.656783
-0.00140167
0.655583
-0.009
0.661982
0.00139667
0.675577
-0.0058
0.673977
-0.000201667
0.675977
-0.00100167
0.683573
0.000596667
0.687173
-0.00220167
0.688373
-0.000601667
0.69877
0.00139667
0.704367
-0.00100167
0.707167
-0.000201667
0.710365
-0.00140167
0.716363
0.000996667
0.719962
0.00139667
0.721962
0.000198333
0.72836
-0.00140167
0.734358
-0.00140167
0.736757
-0.000601667
0.741155
-0.00140167
0.744355
-0.00300167
0.749153
0.000198333
0.754752
-0.00100167
0.75595
-0.00180167
0.75955
0.00339667
0.764348
-0.00180167
0.768747
0.000596667
0.775145
-0.00100167
0.778743
-0.00380167
0.783542
-0.00140167
0.792338
0.00499667
0.78634
-0.0058
0.794738
-0.00380167
0.793138
-0.00100167
0.799137
-0.0078
0.805535
-0.00340167
0.807933
0.00139667
0.812332
-0.00140167
0.815532
-0.00140167
0.822328
0.00139667
0.823928
-0.00380167
0.827927
-0.00340167
0.829527
-0.000601667
0.833525
0.00379667
0.833525
0.000198333
0.838323
-0.000201667
0.844722
0.000198333
0.84872
0.000596667
0.852318
-0.00460167
0.857117
0.000596667
0.856318
0.000596667
0.860317
0.00379667
0.863915
-0.000201667
0.865915
-0.000601667
0.871513
-0.00180167
0.875112
-0.000601667
0.875112
-0.00100167
0.87831
0.000996667
0.883508
-0.000601667
0.885508
-0.000201667
0.887108
0.00259667
0.891107
-0.005
0.888307
0.000198333
0.896705
-0.00140167
0.903902
-0.0058
0.905902
0.000996667
0.907502
0.000198333
0.9111
-0.00140167
0.9119
0.005795
0.9111
0.00219667
0.913498
0.000596667
0.919097
-0.000601667
0.918697
-0.00180167
0.921497
-0.00140167
0.925495
-0.00140167
0.927495
-0.00180167
0.928293
-0.00180167
0.931893
0.000596667
0.933093
0.00299667
0.935092
0.000198333
0.936292
0.00499667
0.94189
-0.00100167
0.94309
-0.00140167
0.94309
-0.000601667
0.949487
0.000596667
0.951087
-0.00140167
0.955085
-0.00180167
0.949887
-0.00180167
0.946688
0.000198333
0.955085
0.00259667
0.959083
0.00259667
0.960683
-0.000201667
0.963083
0.00179667
0.962683
0.00539667
0.967882
-0.000201667
0.967082
-0.00100167
0.96908
-0.020595
0.978278
-0.00180167
0.97388
-0.000201667
0.97308
-0.00140167
0.975078
0.000996667
0.980277
-0.00260167
0.978278
0.00259667
0.979078
0.00379667
0.984675
0.00339667
0.977878
-0.000601667
0.981877
0.00219667
0.981877
0.00139667
0.983477
0.000996667
0.986275
-0.00140167
0.989075
0.000596667
0.989473
-0.00220167
0.984277
0.00179667
0.990673
-0.00180167
0.985875
-0.000601667
0.990673
0.00219667
0.991073
-0.000201667
0.993073
-0.000601667
0.993473
0.00139667
0.995072
-0.00140167
0.996672
0.00139667
0.998672
0.00379667
0.996672
0.00139667
0.997072
0.00139667
0.998272
0.000596667
0.993073
0.00259667
0.995472
0.00299667
0.997872
0.000198333
0.998672
-0.00260167
0.99987
-0.0105983
1.00387
0.00499667
1.00347
-0.007
0.996272
0.00499667
0.996672
0.00459667
1.00107
0.000596667
0.999472
0.000596667
0.998672
0.00299667
1.00027
-0.00340167
1.00267
0.000996667
0.99987
-0.00100167
1.00067
0.000198333
0.99987
-0.00140167
0.999472
0.000996667
0.997472
0.000596667
1.00347
0.00139667
0.998272
0.00459667
0.999472
-0.000601667
0.999072
-0.00180167
0.999072
-0.000601667
0.997872
-0.000201667
0.997072
0.000596667
0.995872
0.000198333
0.992673
-0.00100167
0.994273
-0.000201667
0.988675
0.005795
0.994672
-0.000201667
0.988275
-0.000201667
1.00027
-0.00260167
0.994273
-0.00260167
0.988675
-0.00100167
0.986275
-0.00100167
0.986675
-0.000601667
0.986275
-0.00340167
0.987075
0.00379667
0.985475
0.00219667
0.984277
0.00139667
0.981877
0.00499667
0.980677
0.00299667
0.978678
0.00259667
0.980277
-0.00260167
0.97268
0.005795
0.975478
0.000198333
0.97268
-0.00140167
0.97228
0.00219667
0.96948
0.000198333
0.97028
-0.00300167
0.97268
0.00139667
0.965082
0.00259667
0.968282
0.00259667
0.965082
-0.000601667
0.962683
-0.00220167
0.957085
-0.00300167
0.957885
0.000596667
0.958285
0.000198333
0.956685
0.000596667
0.953885
-0.000601667
0.951087
-0.00180167
0.947888
-0.00340167
0.948687
0.00179667
0.945488
-0.000601667
0.94029
0.00179667
0.93909
0.0109933
0.934692
-0.000201667
0.936692
0.000596667
0.934292
0.00219667
0.932293
-0.00380167
0.934692
0.00459667
0.928693
0.00139667
0.922697
0.006195
0.921897
-0.00220167
0.921497
-0.000201667
0.920297
0.00539667
0.916298
-0.00460167
0.917098
0.00259667
0.913098
-0.00100167
0.907102
-0.000601667
0.904702
0.000996667
0.902303
-0.0054
0.898703
0.00259667
0.899103
-0.000201667
0.893505
0.000596667
0.891907
-0.00100167
0.890307
0.000596667
0.886708
-0.000201667
0.885108
-0.00100167
0.87911
0.00139667
0.874712
-0.000201667
0.870713
-0.000601667
0.868713
0.00259667
0.871113
0.00139667
0.865915
-0.007
0.865915
0.00179667
0.859117
-0.000601667
0.84992
0.006595
0.84792
-0.000601667
0.844722
0.00179667
0.840723
-0.0054
0.84712
-0.00300167
0.843122
0.000596667
0.835125
-0.00420167
0.830727
-0.00300167
0.829527
0.000596667
0.824728
0.00259667
0.81753
0.000198333
0.81713
0.000198333
0.811132
0.006595
0.805933
0.00419667
0.807133
0.00179667
0.802335
-0.00100167
0.803135
0.00139667
0.798337
-0.000201667
0.790738
0.000198333
0.78594
-0.000601667
0.783142
0.000596667
0.777143
-0.00100167
0.773145
0.000596667
0.770745
-0.00140167
0.765147
0.00139667
0.765147
0.000198333
0.75915
0.000198333
0.75635
0.000996667
0.749153
-0.00140167
0.747953
-0.00100167
0.741155
0.000596667
0.737557
-0.00340167
0.72916
-0.00140167
0.731558
-0.00140167
0.72596
-0.00140167
0.721562
0.000198333
0.714363
0.00299667
0.709965
0.00539667
0.709965
-0.0129983
0.705167
0.007795
0.69797
0.010195
0.691972
0.00219667
0.692372
-0.000601667
0.686773
0.00379667
0.681975
0.00139667
0.679175
-0.00420167
0.671178
-0.0101983
0.66758
-0.0197967
0.660782
-0.000601667
0.657583
-0.00140167
0.650785
-0.00180167
0.649185
-0.00260167
0.644787
0.000198333
0.638788
-0.00180167
0.63479
-0.00100167
0.629992
0.00139667
0.623993
-0.00260167
0.617995
0.000198333
0.609598
-0.00180167
0.607598
0.000996667
0.6036
-0.000601667
0.599602
-0.00140167
0.594403
0.000198333
0.589205
0.00379667
0.583207
-0.00220167
0.578008
0.00139667
0.57161
-0.00180167
0.566013
-0.000201667
0.561213
-0.00300167
0.559215
-0.00220167
0.555617
0.000996667
0.548018
-0.0113983
0.548418
0.00339667
0.54202
-0.00300167
0.532423
0.00419667
0.524827
0.000198333
0.520427
-0.00180167
0.51443
0.000596667
0.508832
0.000996667
0.506032
-0.005
0.498435
0.00219667
0.496035
-0.000201667
0.487238
0.000596667
0.48364
-0.00140167
0.476442
-0.000201667
0.471243
-0.000201667
0.463247
-0.00140167
0.461247
-0.00100167
0.456848
0.000996667
0.45165
0.00179667
0.447652
-0.000201667
0.437255
-0.00220167
0.432857
0.00539667
0.424458
0.000596667
0.42046
-0.00300167
0.405665
-0.00140167
0.414462
0.000596667
0.407265
-0.00100167
0.397668
-0.00140167
0.394068
-0.00140167
0.384472
-0.000201667
0.382073
0.00139667
0.376075
-0.000201667
0.370077
-0.00260167
0.36128
0.00339667
0.353282
-0.00140167
0.351683
-0.00460167
0.348083
0.00259667
0.339287
0.00139667
0.334088
-0.0078
0.32969
-0.00220167
0.325292
-0.00140167
0.315695
-0.00380167
0.309297
-0.000601667
0.304098
-0.000601667
0.3009
-0.000601667
0.295302
-0.00180167
0.286903
-0.00100167
0.281705
-0.000601667
0.275308
-0.00100167
0.26731
-0.00140167
0.259713
-0.00220167
0.256513
0.000596667
0.250117
-0.00140167
0.245317
0.00179667
0.23932
-0.000201667
0.232522
0.0109933
0.226923
-0.000201667
0.219725
0.00179667
0.212528
-0.00260167
0.20813
0.00339667
0.198933
-0.00460167
0.192935
0.000596667
0.189335
0.00219667
0.182938
-0.00180167
0.17814
0.00299667
0.170942
-0.000601667
0.164143
0.00419667
0.14615
-0.0054
0.14575
-0.0054
0.14575
-0.00260167
0.141352
0.00299667
0.133753
-0.0113983
0.130555
-0.00340167
0.124157
-0.000601667
0.11536
-0.00180167
0.108562
-0.00100167
0.103363
0.00339667
0.0965667
-0.000601667
0.08697
-0.00140167
0.08297
-0.00180167
0.0773717
-0.00100167
0.0665767
-0.00180167
0.0641767
0.000198333
0.0589783
-0.000601667
0.05138
0.010195
0.0441833
0.000596667
0.039785
-0.000201667
0.0325867
-0.00140167
0.0265883
0.000198333
0.02139
0.000596667
0.0141933
-0.000201667
0.010195
-0.005
0.00299667
-0.000201667
-0.00300167
0.00379667
-0.0101983
0.000596667
-0.0181967
-0.000201667
-0.023395
0.000198333
-0.0313917
0.00179667
-0.03899
0.000198333
-0.0405883
0.00459667
-0.0421883
0.00419667
-0.052985
-0.000601667
-0.0585833
0.00459667
-0.07098
0.009795
-0.0773767
0.00139667
-0.0801767
0.000596667
-0.0865733
0.00419667
-0.09697
0.00499667
-0.0957717
0.00379667
-0.105768
-0.00180167
-0.110967
0.00259667
-0.116565
0.000198333
-0.125362
-0.00460167
-0.12976
0.008195
-0.136158
0.00339667
-0.144555
0.00179667
-0.148953
0.000198333
-0.154152
0.00219667
-0.16015
-0.000601667
-0.166548
-0.00100167
-0.174545
-0.000201667
-0.179743
0.000596667
-0.185342
0.00139667
-0.19294
0.00259667
-0.199337
0.000996667
-0.204935
0.000596667
-0.209733
0.00259667
-0.218532
-0.00100167
-0.22093
-0.000601667
-0.226128
0.00299667
-0.234525
0.00139667
-0.242523
0.000996667
-0.25132
0.00339667
-0.256918
-0.0193967
-0.264517
-0.00420167
-0.272113
0.00459667
-0.274513
0.0113933
-0.278512
-0.000201667
-0.28291
-0.000201667
-0.291707
0.00379667
-0.299305
-0.000601667
-0.304903
0.00419667
-0.306902
0.00259667
-0.3153
-0.000601667
-0.316098
0.00379667
-0.324897
0.000198333
-0.332493
0.000996667
-0.338092
-0.000601667
-0.347688
0.00219667
-0.350488
0.000996667
-0.357285
-0.00220167
-0.361285
-0.000601667
-0.369282
-0.00100167
-0.37568
0.000198333
-0.37568
0.00379667
-0.384077
0.00219667
-0.389675
0.00139667
-0.396873
0.000596667
-0.40247
0.000996667
-0.409668
-0.00260167
-0.414867
0.00299667
-0.421265
0.006595
-0.423263
0.00419667
-0.43526
-0.00420167
-0.43526
-0.000201667
-0.443657
-0.00100167
-0.449655
0.02219
-0.455253
-0.000201667
-0.462452
-0.00340167
-0.46725
0.008995
-0.472848
0.000198333
-0.479245
0.000596667
-0.482445
-0.000601667
-0.488843
0.00259667
-0.492042
-0.000601667
-0.49684
-0.000201667
-0.505237
-0.000201667
-0.509237
0.00259667
-0.514833
-0.000601667
-0.522032
0.000996667
-0.52683
0.00219667
-0.531628
0.00139667
-0.537227
-0.00180167
-0.540825
0.00139667
-0.545623
-0.000201667
-0.551622
-0.00300167
-0.55882
0.00139667
-0.562018
-0.000601667
-0.570017
-0.000601667
-0.571615
0.00139667
-0.577613
0.00139667
-0.582412
-0.00220167
-0.585212
0.000198333
-0.594008
0.000198333
-0.598007
0.00339667
-0.602805
0.000996667
-0.608403
0.000596667
-0.615202
-0.00260167
-0.6208
-0.00420167
-0.622398
0.0189917
-0.626398
-0.005
-0.630397
-0.007
-0.634395
0.000596667
-0.645992
-0.000601667
-0.64839
-0.0078
-0.64959
-0.00220167
-0.658387
-0.000201667
-0.661187
-0.005
-0.665985
0.00139667
-0.671183
0.000198333
-0.674782
0.000996667
-0.675982
0.000596667
-0.683178
0.00259667
-0.689977
-0.00420167
-0.694775
0.00139667
-0.699173
0.000996667
-0.702373
-0.000201667
-0.703572
-0.00100167
-0.71277
-0.000601667
-0.714768
0.000596667
-0.719167
-0.00300167
-0.725165
0.00259667
-0.730363
0.000996667
-0.734762
0.00139667
-0.737962
-0.00100167
-0.74316
0.000596667
-0.746358
0.000596667
-0.746358
0.000198333
-0.753157
0.000596667
-0.757155
-0.00460167
-0.759953
0.000996667
-0.768352
0.000596667
-0.76955
-0.0165967
-0.783147
0.000198333
-0.776748
0.000596667
-0.779947
-0.00220167
-0.785545
-0.00140167
-0.791943
0.000198333
-0.791943
-0.0098
-0.791943
-0.00100167
-0.799542
-0.0058
-0.806338
0.00299667
-0.809938
0.000596667
-0.814337
0.000198333
-0.815137
0.00219667
-0.824733
0.00139667
-0.820335
0.00139667
-0.823933
0.000996667
-0.829932
0.00299667
-0.83233
0.000596667
-0.838328
-0.0054
-0.847525
0.000198333
-0.843127
0.00339667
-0.849525
0.00499667
-0.849525
-0.00100167
-0.854323
-0.00180167
-0.856322
0.000996667
-0.859122
0.000198333
-0.86352
-0.000201667
-0.867918
-0.00140167
-0.869918
0.000596667
-0.875917
-0.000201667
-0.877115
0.000198333
-0.877915
0.00219667
-0.881515
-0.000601667
-0.880315
-0.020995
-0.885513
-0.0125983
-0.891112
0.00459667
-0.89351
0.000596667
-0.897108
0.000596667
-0.899108
0.00219667
-0.907905
0.00419667
-0.904307
0.00179667
-0.905507
-0.00420167
-0.911905
-0.00220167
-0.910305
0.00219667
-0.915103
-0.005
-0.916303
-0.000201667
-0.9227
0.00179667
-0.922302
-0.000601667
-0.9263
0.00219667
-0.9267
0.000596667
-0.927898
-0.000601667
-0.929498
-0.000601667
-0.931898
-0.00100167
-0.935897
0.00219667
-0.937895
-0.000601667
-0.941895
0.000596667
-0.943893
-0.000601667
-0.945493
0.00339667
-0.945893
-0.000201667
-0.949892
-0.00260167
-0.951892
-0.000601667
-0.950692
0.000198333
-0.95309
-0.000601667
-0.95509
0.00219667
-0.959888
0.000198333
-0.964687
0.00299667
-0.962288
-0.00100167
-0.966287
-0.005
-0.963088
-0.00300167
-0.965887
-0.000201667
-0.968287
-0.000201667
-0.967087
-0.009
-0.968685
0.000596667
-0.973085
-0.00220167
-0.973483
0.000198333
-0.976283
0.000198333
-0.979082
0.00259667
-0.978283
0.000198333
-0.979482
-0.00300167
-0.98388
-0.000201667
-0.981082
0.00179667
-0.98388
0.000596667
-0.98628
0.000596667
-0.98588
0.00339667
-0.98748
0.000996667
-0.989078
-0.000601667
-0.990278
0.000596667
-0.98868
0.000596667
-0.98868
0.000198333
-0.990678
0.00499667
-0.989478
-0.000601667
-0.993478
-0.00340167
-0.995077
0.00379667
-0.997477
-0.0054
-0.997477
-0.000201667
-0.994277
0.00219667
-0.995477
-0.00100167
-0.997077
-0.00140167
-0.995477
-0.00100167
-0.997077
-0.00260167
-1.00307
0.005795
-1.00147
0.000596667
-1.00188
0.00539667
-1.00147
0.007395
-1.00107
0.000198333
-1.00067
-0.00140167
-0.999875
0.000596667
-1.00028
-0.00380167
-0.999875
0.000996667
-1.00067
-0.00140167
-1.00267
0.000198333
-0.995077
-0.00140167
-0.999875
-0.00180167
-1.00188
-0.00140167
-1.00107
0.00259667
-0.998677
0.000198333
-0.997877
0.000596667
-1.00028
0.000198333
-0.999875
0.000198333
-0.999075
0.000596667
-0.998677
0.00139667
-0.999075
-0.00220167
-0.998677
0.00139667
-0.999875
-0.00100167
-0.997077
0.00219667
-0.991878
-0.000201667
-0.999075
-0.000601667
-0.995477
-0.000201667
-0.993877
-0.00180167
-0.992678
0.00179667
-0.994277
0.000996667
-0.995477
-0.00180167
-0.993478
-0.0121983
-0.993478
-0.00220167
-0.98788
-0.00100167
-0.989478
0.00299667
-0.989478
0.000996667
-0.98388
-0.000601667
-0.98468
-0.00100167
-0.980282
0.009795
-0.98388
-0.0101983
-0.981082
0.00499667
-0.98788
-0.00420167
-0.976683
-0.000601667
-0.976283
0.00139667
-0.976683
-0.00180167
-0.975883
0.000198333
-0.974283
0.000198333
-0.971885
-0.00180167
-0.970285
0.00299667
-0.969885
0.000198333
-0.967887
-0.000201667
-0.965087
-0.000201667
-0.962688
-0.00180167
-0.963088
-0.00460167
-0.95789
0.00219667
-0.960688
-0.000601667
-0.961488
-0.00140167
-0.95589
0.000198333
-0.949492
0.00419667
-0.949492
-0.000601667
-0.947893
-0.000201667
-0.945893
0.00419667
-0.946293
-0.00100167
-0.943093
0.000996667
-0.943093
0.006595
-0.942295
0.000198333
-0.937097
-0.00300167
-0.939095
-0.00100167
-0.931898
-0.0074
-0.9251
0.00379667
-0.9267
-0.000201667
-0.9231
-0.000201667
-0.918302
0.00219667
-0.9239
-0.000201667
-0.917103
0.000198333
-0.921102
-0.00260167
-0.913503
0.00179667
-0.910305
0.000198333
-0.908705
-0.000601667
-0.904707
-0.000601667
-0.901508
0.00379667
-0.898708
-0.00140167
-0.898708
-0.000601667
-0.898308
0.000596667
-0.89351
0.00339667
-0.898308
0.00259667
-0.885513
0.000198333
-0.882313
-0.00140167
-0.878715
0.00139667
-0.876317
-0.000201667
-0.870318
0.00139667
-0.874317
0.000596667
-0.867518
-0.00100167
-0.868718
0.00139667
-0.86312
-0.000601667
-0.859122
-0.000601667
-0.854323
0.00379667
-0.849925
0.000596667
-0.840728
0.00299667
-0.845527
-0.000201667
-0.841527
-0.00180167
-0.839528
0.00459667
-0.837528
0.000996667
-0.83513
0.00379667
-0.830332
0.000596667
-0.828332
0.007795
-0.817135
-0.00300167
-0.816335
-0.00100167
-0.812737
0.000996667
-0.810737
-0.000201667
-0.807938
0.000198333
-0.80434
0.000996667
-0.80074
0.000198333
-0.797942
0.00139667
-0.787945
0.000996667
-0.785545
-0.00140167
-0.783147
-0.0058
-0.779548
0.00339667
-0.775148
0.000996667
-0.77315
-0.000601667
-0.76995
-0.000201667
-0.763953
0.00179667
-0.758755
0.000198333
-0.754755
0.00179667
-0.752757
-0.00180167
-0.745558
0.00259667
-0.74396
-0.000201667
-0.73996
-0.00220167
-0.736362
0.00139667
-0.728365
-0.000601667
-0.728763
0.00299667
-0.720767
0.000596667
-0.703972
-0.000601667
-0.713968
0.00219667
-0.702773
-0.0054
-0.699573
0.00419667
-0.700773
0.000198333
-0.695575
-0.00220167
-0.691577
0.00259667
-0.688377
-0.00140167
-0.68198
0.00339667
-0.675982
0.00259667
-0.671183
-0.000201667
-0.666785
0.00179667
-0.662387
0.000596667
-0.671183
0.000198333
-0.657188
-0.00180167
-0.64919
0.000198333
-0.65079
-0.00260167
-0.642792
-0.00180167
-0.631597
0.000996667
-0.627597
-0.000201667
-0.624798
-0.000601667
-0.62
0.000996667
-0.6168
-0.00180167
-0.610403
0.00259667
-0.607603
-0.00140167
-0.601207
0.000596667
-0.593608
0.00459667
-0.58961
0.000596667
-0.585212
0.000996667
-0.582012
-0.00220167
-0.573615
0.00219667
-0.570017
0.008995
-0.561218
-0.00420167
-0.56002
0.00139667
-0.554022
0.009395
-0.552822
-0.000601667
-0.544425
-0.000201667
-0.537627
0.00259667
-0.531628
0.00139667
-0.522432
-0.005
-0.519633
0.005795
-0.518833
-0.000601667
-0.514833
0.000996667
-0.510035
-0.000601667
-0.502438
0.00419667
-0.491642
-0.00140167
-0.488443
-0.000201667
-0.489642
0.00139667
-0.477647
0.000198333
-0.471248
0.000596667
-0.468848
-0.000601667
-0.46365
0.00219667
-0.456453
0.00259667
-0.451255
-0.00180167
-0.444857
0.00179667
-0.438858
-0.00260167
-0.43326
0.000198333
-0.426063
-0.00100167
-0.422065
0.000198333
-0.418465
0.00219667
-0.410068
-0.000201667
-0.40527
0.000996667
-0.401672
0.00379667
-0.391675
0.007795
-0.387275
-0.00420167
-0.388075
0.006195
-0.37488
0.00139667
-0.367682
-0.00340167
-0.366083
0.00339667
-0.361683
0.000996667
-0.354887
-0.00260167
-0.348888
0.008595
-0.349288
0.005795
-0.334893
0.000596667
-0.328895
-0.000201667
-0.322497
0.000596667
-0.318098
-0.00140167
-0.3133
0.00179667
-0.303703
-0.00340167
-0.302503
0.00219667
-0.294107
-0.00140167
-0.286108
0.00179667
-0.28091
-0.000201667
-0.274513
-0.000201667
-0.267715
0.000996667
-0.262517
0.000596667
-0.256518
-0.00460167
-0.25012
0.00179667
-0.244123
0.00219667
-0.238925
-0.000601667
-0.231727
0.000996667
-0.226128
-0.00220167
-0.218132
0.000596667
-0.213333
-0.000201667
-0.206935
0.00139667
-0.201337
-0.000601667
-0.195738
0.00419667
-0.19054
0.00219667
-0.183342
-0.0145983
-0.178543
0.00299667
-0.171747
0.000198333
-0.15935
-0.00140167
-0.154552
-0.00140167
-0.149753
0.00299667
-0.146155
-0.0133983
-0.135358
-0.00420167
-0.137357
0.00339667
-0.124962
-0.00420167
-0.121763
-0.00220167
-0.112965
0.00459667
-0.102968
0.00139667
-0.103368
-0.00100167
-0.09897
0.000996667
-0.0901733
0.000198333
-0.084575
0.000996667
-0.0757783
0.000198333
-0.07098
0.00139667
-0.06858
-0.00140167
-0.0609817
0.000198333
-0.0489867
0.00139667
-0.0441883
0.00139667
-0.03619
0.000996667
-0.0313917
-0.000601667
-0.0289933
0.000996667
-0.022195
-0.000201667
-0.0157967
0.006595
-0.0078
0.00299667
-0.00180167
0.000596667
0.007395
0.00499667
0.0145933
0.00219667
0.0181917
-0.00260167
0.02419
0.0125933
0.0293883
-0.00300167
0.036185
-0.0094
0.0441833
-0.00100167
0.0493817
-0.00140167
0.0581783
0.00419667
0.067375
0.00379667
0.067375
0.0145933
0.0729733
-0.00140167
0.0805717
0.00219667
0.08457
0.00539667
0.0933667
0.000198333
0.0957667
0.000596667
0.104963
-0.00100167
0.11256
0.000596667
0.118958
0.00139667
0.125357
-0.000201667
0.131355
-0.000201667
0.136153
0.000596667
0.142152
-0.000601667
0.14815
0.00139667
0.152948
0.00219667
0.162145
0.000596667
0.170142
-0.0058
0.172142
-0.00100167
0.183338
0.00499667
0.186937
0.00379667
0.192535
-0.000601667
0.196933
0.00139667
0.20693
0.000198333
0.20933
0.000198333
0.215327
-0.000601667
0.224125
-0.00380167
0.232122
0.0189917
0.23812
-0.00140167
0.247717
-0.0078
0.250117
-0.000601667
0.254115
-0.00140167
0.256113
-0.00100167
0.26851
-0.00180167
0.271708
0.00179667
0.278507
0.000996667
0.284505
0.00379667
0.292102
-0.00340167
0.2965
-0.00180167
0.306098
-0.00100167
0.307697
-0.00140167
0.315695
-0.000601667
0.319693
0.00139667
0.325692
-0.0058
0.33049
-0.000201667
0.339287
-0.000601667
0.344485
-0.00140167
0.350883
0.000596667
0.356482
-0.0157967
0.36048
-0.000201667
0.367677
-0.00140167
0.371677
-0.00180167
0.377673
-0.000201667
0.384472
-0.00420167
0.39167
-0.000201667
0.395668
-0.00100167
0.402467
0.000198333
0.409263
0.00139667
0.412463
0.000198333
0.41886
-0.000601667
0.424458
-0.0066
0.430057
0.000996667
0.437255
-0.00180167
0.442853
-0.000201667
0.45245
0.00499667
0.443653
-0.007
0.458048
-0.0066
0.474443
-0.000201667
0.473243
-0.00220167
0.475242
0.00219667
0.48084
-0.00380167
0.486438
0.000596667
0.492437
0.000596667
0.497235
-0.00100167
0.502433
-0.00180167
0.508432
-0.00140167
0.51323
-0.000201667
0.518028
0.00139667
0.521627
-0.00260167
0.526025
-0.00100167
0.539222
-0.00100167
0.531223
-0.00380167
0.54522
-0.0094
0.550818
-0.00180167
0.557615
-0.00140167
0.563213
0.00179667
0.565613
-0.00140167
0.57201
0.000996667
0.57441
-0.000201667
0.580008
-0.005
0.587605
-0.0058
0.592803
0.000596667
0.598402
-0.00180167
0.6028
-0.0189967
0.611198
0.00499667
0.612397
0.00339667
0.615597
-0.00300167
0.622393
-0.00100167
0.637988
0.00219667
0.631192
-0.000601667
0.638788
0.00219667
0.643187
0.000198333
0.647187
-0.00180167
0.650785
0.000996667
0.655583
0.000596667
0.659982
-0.00100167
0.66438
0.00219667
0.66718
-0.000201667
0.671578
-0.00260167
0.679175
-0.000601667
0.681975
0.00379667
0.69717
-0.000201667
0.69717
-0.00340167
0.69477
-0.000601667
0.706367
0.000198333
0.705567
-0.000201667
0.708767
-0.000601667
0.714763
-0.00380167
0.718363
0.000996667
0.723962
-0.00100167
0.730358
-0.00100167
0.733958
-0.000201667
0.737557
0.000996667
0.738757
-0.000601667
0.745553
-0.000601667
0.749553
-0.000201667
0.753952
-0.0129983
0.762748
-0.00140167
0.765147
-0.00140167
0.765547
0.000198333
0.772345
-0.00420167
0.775543
-0.00420167
0.778743
-0.000201667
0.779543
0.00459667
0.781942
-0.0101983
0.78634
-0.00220167
0.78634
0.00179667
0.802335
-0.00140167
0.800337
-0.00140167
0.805135
0.000198333
0.809133
-0.000201667
0.811132
0.0177917
0.813532
-0.00220167
0.81793
-0.000201667
0.824328
0.000996667
0.831127
-0.00100167
0.829927
-0.000201667
0.835925
0.000596667
0.837923
-0.00220167
0.838723
0.000198333
0.843922
0.000198333
0.844722
0.000996667
0.84992
0.000596667
0.852318
-0.00180167
0.856318
-0.00100167
0.861117
-0.000601667
0.866715
-0.0078
0.868313
-0.00140167
0.876312
0.00179667
0.876712
-0.0113983
0.875112
-0.0157967
0.876312
0.00259667
0.88111
0.00339667
0.887507
0.000596667
0.886708
0.00339667
0.890707
0.000596667
0.895905
-0.00300167
0.896705
0.00259667
0.896705
-0.00300167
0.901103
-0.000601667
0.904302
0.00219667
0.906302
-0.000201667
0.9091
-0.00380167
0.913098
-0.00180167
0.914698
0.000596667
0.917898
-0.000601667
0.919897
-0.00140167
0.921897
0.00299667
0.925495
0.00139667
0.929493
0.00379667
0.930293
-0.00100167
0.929093
-0.000601667
0.936692
0.00259667
0.936692
0.000596667
0.93909
0.000996667
0.94109
0.00139667
0.944288
0.000198333
0.94309
-0.000201667
0.946688
0.000996667
0.947488
0.000596667
0.950687
0.000996667
0.949487
0.00419667
0.955885
-0.005
0.961083
0.00299667
0.961883
0.00459667
0.963083
0.007395
0.959083
0.00419667
0.963483
0.000198333
0.963883
0.00299667
0.964282
0.00379667
0.96948
-0.00300167
0.97388
-0.005
0.96988
0.00139667
0.975078
0.00179667
0.97228
0.00139667
0.97348
-0.00140167
0.976678
-0.000201667
0.979078
-0.00300167
0.979078
-0.000201667
0.979477
-0.000201667
0.984277
-0.00180167
0.988275
0.000198333
0.985075
-0.00100167
0.985075
-0.00100167
0.986275
0.00139667
0.986675
0.00139667
0.987875
0.000596667
0.988675
-0.00180167
0.989873
0.000198333
0.991873
0.000996667
0.994672
-0.00180167
0.993473
-0.00260167
0.993473
0.000198333
1.00027
-0.00220167
0.995072
-0.00100167
0.994273
-0.0101983
0.998672
0.00499667
0.997472
0.00459667
1.00187
-0.00380167
1.00027
0.000996667
1.00107
-0.00100167
0.999072
-0.00460167
1.00267
0.000596667
0.997472
-0.00100167
0.995072
0.00219667
0.999472
0.00139667
0.999072
0.000596667
1.00067
0.000996667
0.999472
-0.00100167
0.999072
-0.00100167
1.00227
-0.00100167
1.00147
-0.00300167
0.999072
0.000596667
0.999472
0.006595
1.00027
0.00139667
0.999472
-0.000201667
1.00067
0.000996667
1.00187
-0.000201667
1.00027
-0.0058
0.995872
0.000198333
1.00147
0.00339667
0.99987
0.00179667
0.997072
-0.00260167
0.994273
0.00139667
0.995872
0.00299667
0.995472
-0.00180167
0.995072
0.00419667
0.994672
0.00259667
0.993873
-0.0129983
0.999072
0.005795
0.997872
0.0121933
0.986675
0.00299667
0.989075
0.00219667
0.986675
0.000996667
0.985475
0.00539667
0.989873
-0.00100167
0.989473
-0.00220167
0.985075
0.000996667
0.989873
0.000596667
0.985875
0.00139667
0.984675
0.00259667
0.979078
0.000198333
0.980277
0.00139667
0.977478
0.00299667
0.977478
0.00139667
0.978678
0.000596667
0.977078
0.00139667
0.97388
-0.00340167
0.97068
-0.00100167
0.96988
0.00139667
0.967482
0.00179667
0.966282
-0.000201667
0.966682
0.00259667
0.967482
0.000996667
0.963483
-0.00180167
0.961083
0.00379667
0.958685
-0.000201667
0.959883
0.00259667
0.955885
-0.00260167
0.953487
-0.00180167
0.951487
0.000596667
0.947888
-0.0066
0.952687
0.00539667
0.951087
0.000596667
0.94109
0.000198333
0.94029
-0.000601667
0.94069
-0.007
0.937092
0.00139667
0.933093
0.00419667
0.935092
0.005795
0.927495
-0.000201667
0.928293
0.00459667
0.923495
0.000596667
0.924695
-0.000201667
0.919897
-0.00260167
0.918297
0.000996667
0.915498
0.000596667
0.9115
0.000596667
0.9095
0.000596667
0.9111
0.00339667
0.9095
-0.00140167
0.904302
-0.00140167
0.900703
-0.00100167
0.898703
0.000198333
0.891107
-0.000201667
0.888707
0.000198333
0.887108
-0.000201667
0.88111
-0.00140167
0.88231
-0.000201667
0.87991
0.000596667
0.87791
0.00299667
0.875112
-0.000201667
0.870713
0.000996667
0.868713
-0.000201667
0.864715
0.00379667
0.862315
0.000198333
0.860317
-0.00460167
0.854718
-0.000201667
0.852318
-0.00340167
0.85152
-0.0062
0.846322
0.000198333
0.841123
0.00339667
0.839923
-0.00340167
0.832725
0.000596667
0.829127
-0.000201667
0.827127
-0.00180167
0.821528
-0.00140167
0.82113
0.000596667
0.81873
-0.000201667
0.814732
0.000996667
0.811532
-0.00140167
0.807533
0.00219667
0.803135
0.00139667
0.796737
-0.00300167
0.793138
0.000198333
0.794738
-0.00140167
0.78954
-0.00100167
0.783542
-0.005
0.780742
-0.00180167
0.775943
0.00179667
0.773145
-0.000201667
0.769147
-0.000201667
0.763948
-0.000201667
0.75875
0.000198333
0.75555
0.00299667
0.751952
-0.00220167
0.749153
-0.00100167
0.744355
0.00139667
0.738357
-0.0105983
0.737957
-0.00180167
0.731158
-0.00140167
0.72876
-0.00140167
0.72516
-0.00340167
0.717163
-0.00380167
0.712765
0.00139667
0.712365
-0.00460167
0.701568
-0.0054
0.69477
-0.000601667
0.69637
0.00139667
0.689572
-0.00140167
0.684373
-0.00300167
0.678377
-0.00180167
0.676777
-0.000201667
0.671578
-0.00340167
0.66758
-0.00100167
0.66358
-0.00140167
0.658382
-0.000601667
0.650785
-0.000601667
0.648385
-0.00140167
0.647187
0.00139667
0.639588
-0.00140167
0.63359
0.000596667
0.629592
-0.00220167
0.623193
-0.00100167
0.618795
-0.000201667
0.613997
-0.00220167
0.609598
-0.00180167
0.6044
0.000596667
0.599202
0.00259667
0.593203
-0.00260167
0.589605
-0.00180167
0.582007
-0.0125983
0.578808
-0.00140167
0.57361
-0.00340167
0.568812
0.00219667
0.564413
0.00139667
0.556415
0.000198333
0.554017
-0.000201667
0.548818
-0.0054
0.539622
0.006595
0.538422
-0.00260167
0.530425
-0.000201667
0.526825
0.000596667
0.522427
-0.00220167
0.515628
-0.000601667
0.509632
-0.00140167
0.500033
-0.000601667
0.500033
0.00299667
0.495235
-0.00260167
0.484838
0.000596667
0.477642
0.000596667
0.477642
-0.00180167
0.472843
0.00219667
0.466445
-0.00220167
0.461247
0.00299667
0.455648
-0.000601667
0.448852
-0.000201667
0.443653
-0.00100167
0.438455
-0.00140167
0.432057
-0.000601667
0.424858
-0.00260167
0.42286
-0.000601667
0.416462
-0.0082
0.408065
-0.00300167
0.413662
0.00339667
0.398467
0.000596667
0.393668
-0.0074
0.38807
-0.000601667
0.377275
0.00419667
0.372875
0.000996667
0.368077
0.000996667
0.36128
0.007395
0.350883
-0.005
0.351283
0.00339667
0.347683
-0.000601667
0.338087
0.000996667
0.333288
0.000996667
0.32769
0.000596667
0.321293
-0.0078
0.309697
0.000198333
0.312495
-0.00180167
0.316893
-0.00380167
0.2973
-0.000601667
0.292102
-0.00100167
0.287303
0.000996667
0.282505
0.000596667
0.274108
0.00259667
0.26971
0.000596667
0.262512
-0.000201667
0.254115
-0.00140167
0.248517
-0.00140167
0.243718
0.00379667
0.23892
0.00139667
0.232922
-0.00260167
0.226123
0.000198333
0.220125
-0.000201667
0.210928
-0.00180167
0.198133
0.0129933
0.202932
0.00499667
0.196133
0.00259667
0.186137
0.006995
0.179338
-0.00420167
0.17814
0.00139667
0.172542
0.00539667
0.161745
-0.00260167
0.158545
-0.00420167
0.154947
0.00419667
0.14655
-0.000201667
0.136153
-0.00140167
0.134153
0.008595
0.126157
0.00139667
0.11736
-0.000601667
0.11656
0.00459667
0.106963
-0.00140167
0.101365
0.00139667
0.0953667
-0.00380167
0.0889683
-0.00100167
0.08257
0.00339667
0.0769717
0.00139667
0.070175
0.00139667
0.0633767
0.000198333
0.0577783
0.00139667
0.05378
0.00139667
0.0441833
-0.00140167
0.037785
0.00259667
0.0289883
0.000996667
0.0261883
0.000198333
0.0181917
-0.005
0.008595
-0.00300167
0.005795
0.00459667
0.00139667
-0.0145983
-0.0058
-0.00340167
-0.0141983
0.00419667
-0.0181967
-0.00300167
-0.024995
-0.00260167
-0.0289933
-0.00100167
-0.03579
0.00219667
-0.03699
-0.0074
-0.0437883
-0.00180167
-0.052985
0.00179667
-0.0597833
0.000596667
-0.0657817
-0.00140167
-0.0741783
0.000596667
-0.0789767
-0.00140167
-0.085375
-0.00100167
-0.0933717
0.000596667
-0.09857
-0.000601667
-0.104968
0.000198333
-0.112965
-0.000201667
-0.117363
0.00219667
-0.122162
0.000996667
-0.12976
0.000596667
-0.137357
0.00139667
-0.142955
-0.00100167
-0.150553
-0.000201667
-0.154552
-0.000601667
-0.16055
0.000198333
-0.167348
-0.00140167
-0.172947
0.00179667
-0.175745
0.000596667
-0.180543
0.00299667
-0.19174
-0.00180167
-0.198138
-0.000601667
-0.205335
-0.0062
-0.211733
-0.000601667
-0.21973
0.000198333
-0.22013
-0.0054
-0.226128
0.00339667
-0.235325
0.00299667
-0.244922
-0.00300167
-0.245722
0.00499667
-0.255318
0.00139667
-0.261717
-0.00220167
-0.267315
0.00179667
-0.272513
-0.00420167
-0.278512
0.000996667
-0.28131
0.00139667
-0.289708
-0.000201667
-0.296905
-0.00100167
-0.304903
0.00139667
-0.309302
-0.00100167
-0.3153
-0.000201667
-0.320498
0.00459667
-0.326495
0.000198333
-0.333693
0.00299667
-0.337692
0.000198333
-0.34409
-0.00140167
-0.349688
0.00339667
-0.355687
0.000198333
-0.360485
0.000996667
-0.366483
0.00219667
-0.37408
0.000596667
-0.379278
-0.000201667
-0.381278
0.00139667
-0.392075
-0.00100167
-0.395273
0.000198333
-0.402072
0.0173917
-0.409268
-0.0082
-0.413667
-0.0098
-0.420065
0.000596667
-0.427663
0.000596667
-0.43366
-0.005
-0.43766
0.00259667
-0.449655
0.005795
-0.451255
0.00499667
-0.453255
0.00539667
-0.459252
-0.000601667
-0.46525
0.000198333
-0.470848
-0.000201667
-0.473248
0.000996667
-0.481245
0.00179667
-0.487643
0.000198333
-0.491242
0.00139667
-0.499638
0.000198333
-0.503238
0.000596667
-0.510435
0.000596667
-0.514833
-0.00140167
-0.520432
-0.000601667
-0.52523
-0.00220167
-0.530428
0.00179667
-0.537227
-0.000201667
-0.545623
-0.00140167
-0.546423
0.00139667
-0.552422
0.000198333
-0.55642
0.000996667
-0.55962
0.000596667
-0.566817
0.000596667
-0.570815
-0.00220167
-0.575215
0.000198333
-0.584412
-0.0086
-0.581212
0.00139667
-0.591208
0.006995
-0.600407
0.00219667
-0.604005
0.000996667
-0.606803
0.000596667
-0.614802
0.009395
-0.622398
-0.00180167
-0.6204
0.0113933
-0.623998
-0.00180167
-0.633195
-0.000601667
-0.636395
0.000198333
-0.642792
0.00259667
-0.64759
-0.000201667
-0.65199
0.00179667
-0.655988
0.00139667
-0.660787
0.000996667
-0.666785
0.000198333
-0.670383
-0.0054
-0.676782
0.000996667
-0.67998
0.00379667
-0.683978
0.000198333
-0.688777
-0.00220167
-0.695175
0.00299667
-0.697175
-0.000201667
-0.703173
-0.000201667
-0.705972
0.000996667
-0.71037
0.000198333
-0.715968
-0.00100167
-0.720767
0.00179667
-0.726765
0.000996667
-0.726765
-0.0054
-0.732363
-0.000601667
-0.737162
0.000996667
-0.74076
0.000596667
-0.744358
0.00339667
-0.750757
0.00459667
-0.755555
-0.000201667
-0.756755
-0.00180167
-0.761153
0.006595
-0.769152
0.000996667
-0.76955
0.000996667
-0.77155
0.000596667
-0.776348
0.00139667
-0.782747
0.000996667
-0.792343
0.000198333
-0.789545
0.000996667
-0.793543
0.00139667
-0.797142
0.00139667
-0.80114
-0.00180167
-0.80514
-0.00220167
-0.809138
-0.000601667
-0.813137
0.000198333
-0.814737
0.00219667
-0.814337
0.000596667
-0.825533
-0.000601667
-0.827132
0.000596667
-0.830332
-0.000601667
-0.83353
-0.000601667
-0.838728
-0.000201667
-0.840728
0.00259667
-0.845927
-0.000201667
-0.847925
-0.00100167
-0.849925
-0.000201667
-0.855123
0.000996667
-0.857122
0.000198333
-0.859522
0.000996667
-0.86472
-0.0078
-0.86232
-0.00300167
-0.871917
-0.00260167
-0.875117
-0.00140167
-0.873517
-0.0066
-0.880715
0.00419667
-0.882713
0.00259667
-0.886713
-0.005
-0.885113
0.000198333
-0.89231
-0.00220167
-0.89551
-0.00420167
-0.89671
0.000198333
-0.897108
0.000198333
-0.904307
0.000198333
-0.903507
0.00139667
-0.910305
-0.00180167
-0.907905
0.00339667
-0.914303
-0.00100167
-0.919502
-0.00180167
-0.917502
-0.000201667
-0.920302
0.000996667
-0.9231
-0.00100167
-0.9263
-0.000601667
-0.928298
0.000596667
-0.929098
-0.00300167
-0.934297
0.000996667
-0.933497
0.00499667
-0.937497
-0.00100167
-0.939495
0.00139667
-0.940695
0.00139667
-0.946293
-0.00100167
-0.944293
0.000996667
-0.947493
0.000198333
-0.939095
0.00379667
-0.948292
-0.00180167
-0.95669
-0.00100167
-0.958288
0.00259667
-0.95549
-0.009
-0.95509
-0.00420167
-0.960288
0.000996667
-0.962688
-0.0098
-0.963487
0.00139667
-0.966687
-0.00100167
-0.968685
-0.00180167
-0.969485
0.00139667
-0.969085
-0.00380167
-0.972285
0.00259667
-0.973483
0.000996667
-0.974683
0.000198333
-0.977083
0.00219667
-0.976683
-0.00220167
-0.977483
-0.00100167
-0.980282
0.000198333
-0.980682
0.000596667
-0.981882
0.000596667
-0.983082
-0.000601667
-0.98548
0.000996667
-0.98628
0.00139667
-0.98828
0.000198333
-0.98548
-0.00140167
-0.98708
-0.000201667
-0.989478
0.000198333
-0.989478
-0.00300167
-0.992678
0.000198333
-0.992678
0.00299667
-0.994677
0.00539667
-0.995877
0.0169917
-0.995477
0.00459667
-0.996277
-0.00140167
-0.994677
0.00379667
-1.00028
0.006595
-0.997477
-0.00100167
-0.997877
0.00139667
-0.998277
0.006995
-1.00347
-0.005
-1.00028
-0.00100167
-0.998677
-0.00260167
-0.995477
0.00139667
-1.00028
-0.000601667
-0.999875
0.000198333
-1.00067
-0.000601667
-0.998277
0.00339667
-0.997477
0.000198333
-0.999075
0.000596667
-1.00067
0.000198333
-1.00028
0.000198333
-0.999075
0.00219667
-1.00067
-0.00180167
-1.00067
0.00219667
-0.995877
0.00219667
-0.999075
-0.00100167
-1.00067
0.00179667
-0.993877
0.00499667
-0.997877
-0.00100167
-0.999075
0.00179667
-0.999875
-0.00340167
-0.999075
0.000996667
-0.997877
0.00259667
-0.996677
0.00499667
-1.00307
0.008195
-0.993478
0.00499667
-0.997077
-0.000201667
-0.994277
-0.0094
-0.991478
-0.000601667
-0.990278
-0.00100167
-0.991878
-0.000601667
-0.98708
-0.007
-0.991078
-0.00100167
-0.991878
-0.00460167
-0.98748
-0.000601667
-0.98668
0.000198333
-0.98828
0.000198333
-0.982282
0.00139667
-0.98548
0.00139667
-0.983082
0.000596667
-0.981482
0.00139667
-0.981082
0.000198333
-0.980282
0.000198333
-0.977883
-0.00340167
-0.974683
0.00219667
-0.974683
0.000198333
-0.973085
-0.00100167
-0.971885
0.00139667
-0.969885
-0.00260167
-0.967487
0.005795
-0.966287
-0.000201667
-0.965087
-0.00460167
-0.963088
-0.00180167
-0.962288
-0.000601667
-0.962688
0.00179667
-0.960288
-0.0058
-0.95549
-0.00140167
-0.960288
0.008595
-0.95509
0.00219667
-0.950692
-0.0062
-0.950292
0.00219667
-0.949492
0.00179667
-0.946693
-0.0062
-0.942295
-0.00220167
-0.951092
0.00499667
-0.940695
-0.00140167
-0.938295
0.000198333
-0.937497
0.000198333
-0.935097
-0.000601667
-0.931898
-0.000601667
-0.929098
0.00139667
-0.9255
0.000596667
-0.9255
0.000596667
-0.922302
0.000198333
-0.916703
0.000596667
-0.917502
0.000198333
-0.912703
0.00139667
-0.911105
0.000198333
-0.907905
0.00179667
-0.907107
0.00139667
-0.904707
0.00259667
-0.900708
-0.00100167
-0.897908
-0.00100167
-0.89551
0.000198333
-0.889912
-0.00140167
-0.888712
0.00419667
-0.884713
0.000596667
-0.884713
-0.000201667
-0.885913
-0.000601667
-0.876715
0.000996667
-0.875917
0.006995
-0.870718
0.00139667
-0.869518
0.007395
-0.86552
-0.000601667
-0.859522
-0.000601667
-0.86152
0.00219667
-0.858722
-0.00300167
-0.851923
-0.0074
-0.845927
0.00139667
-0.847925
-0.000601667
-0.843127
0.000198333
-0.837128
-0.00180167
-0.835928
0.000198333
-0.83113
-0.00100167
-0.827132
-0.00140167
-0.823133
-0.000201667
-0.820733
0.000996667
-0.815935
-0.000201667
-0.813937
0.00219667
-0.810337
-0.000601667
-0.807938
-0.000601667
-0.799142
0.000996667
-0.798742
-0.000201667
-0.80074
-0.000201667
-0.788745
0.00499667
-0.786745
0.000996667
-0.782347
0.00419667
-0.776348
-0.000601667
-0.775948
0.000198333
-0.77115
0.000596667
-0.766752
0.000996667
-0.766752
-0.00340167
-0.758355
0.000596667
-0.756355
0.0109933
-0.751557
-0.00260167
-0.74276
-0.00100167
-0.74396
0.00139667
-0.737162
-0.00300167
-0.734762
-0.0153967
-0.727165
0.000596667
-0.727165
0.00419667
-0.718368
0.00339667
-0.718767
-0.00180167
-0.714768
0.000996667
-0.70877
-0.000201667
-0.705572
0.000198333
-0.698373
-0.000601667
-0.691977
0.000596667
-0.690377
0.000596667
-0.686378
-0.00300167
-0.68158
-0.000201667
-0.675582
-0.000601667
-0.671583
-0.000201667
-0.667583
0.000198333
-0.666385
-0.00100167
-0.657188
0.000596667
-0.653588
0.00299667
-0.644392
-0.00100167
-0.646792
0.00259667
-0.640393
0.000996667
-0.633995
0.000198333
-0.630397
-0.000201667
-0.623598
0.00179667
-0.6192
0.00139667
-0.6184
0.000996667
-0.610003
0.000996667
-0.607203
0.00339667
-0.601207
0.006595
-0.596407
0.00179667
-0.591208
-0.0058
-0.58681
0.00179667
-0.581612
0.00139667
-0.572415
-0.00260167
-0.564818
0.000596667
-0.56002
0.005795
-0.56042
-0.00180167
-0.55562
0.00139667
-0.548823
-0.00140167
-0.546423
0.00139667
-0.540825
-0.00300167
-0.532828
0.00139667
-0.52723
0.000198333
-0.515633
-0.000601667
-0.518433
-0.000601667
-0.512835
0.000596667
-0.508437
0.000198333
-0.499638
0.000996667
-0.49644
-0.000601667
-0.490042
0.000996667
-0.484043
0.00179667
-0.475247
-0.00100167
-0.472448
0.000996667
-0.46645
-0.000201667
-0.460052
0.00179667
-0.455653
0.000596667
-0.450855
-0.000201667
-0.442458
-0.00180167
-0.43686
0.00139667
-0.43446
0.00139667
-0.431662
-0.00420167
-0.40487
-0.00100167
-0.418465
0.00179667
-0.411268
-0.0074
-0.40447
0.00219667
-0.40407
0.005795
-0.394473
0.000596667
-0.388075
-0.00140167
-0.382877
0.00299667
-0.37608
0.00299667
-0.371282
-0.000601667
-0.363683
0.00499667
-0.368482
0.00259667
-0.356885
-0.000201667
-0.34569
-0.000201667
-0.34129
-0.000201667
-0.335693
0.0117933
-0.329695
-0.000601667
-0.322097
-0.000201667
-0.317298
0.00179667
-0.308902
-0.000201667
-0.304503
-0.000201667
-0.303303
0.000596667
-0.294507
-0.000201667
-0.287708
0.000596667
-0.28211
-0.00100167
-0.276112
0.000996667
-0.268515
-0.000201667
-0.262917
-0.00100167
-0.259717
0.006195
-0.25212
-0.00100167
-0.243323
0.00139667
-0.230527
0.00339667
-0.237725
0.00499667
-0.22333
0.006995
-0.218532
0.00179667
-0.212533
-0.00300167
-0.205735
0.00139667
-0.201337
0.00379667
-0.193738
0.00299667
-0.187342
-0.00180167
-0.181343
0.00299667
-0.180943
-0.0062
-0.169347
0.00139667
-0.16215
0.000596667
-0.15775
-0.00180167
-0.149753
0.000996667
-0.146155
0.00139667
-0.142555
-0.00180167
-0.13216
0.00219667
-0.126962
0.000996667
-0.118963
0.000596667
-0.115365
-0.000201667
-0.106967
-0.000201667
-0.102968
-0.000201667
-0.0949717
-0.00220167
-0.0881733
0.00139667
-0.082975
0.00259667
-0.0749783
-0.00140167
-0.07058
0.000596667
-0.0637817
0.000996667
-0.0573833
0.00259667
-0.0505867
0.00139667
-0.0429883
0.00219667
-0.03979
0.000596667
-0.0321917
0.000596667
-0.0309917
0.00339667
-0.0181967
0.00339667
-0.0113983
0.000996667
-0.0066
-0.00220167
0.000596667
0.00179667
0.00379667
0.00419667
0.0109933
0.000996667
0.0197917
-0.000601667
0.02299
0.00139667
0.0277883
-0.0058
0.038585
-0.000601667
0.0421833
-0.00100167
0.0489817
0.00179667
0.05378
0.00139667
0.0617767
-0.000201667
0.068175
-0.000201667
0.0741733
0.00139667
0.0801717
0.000198333
0.0885683
-0.000201667
0.0917683
-0.00100167
0.100165
-0.00100167
0.106163
0.000198333
0.110162
-0.000601667
0.11616
-0.000201667
0.120958
-0.000201667
0.130955
0.00459667
0.136553
-0.000601667
0.14495
-0.005
0.152948
0.00379667
0.156147
-0.00140167
0.160545
0.000198333
0.167343
0.000996667
0.17414
0.00259667
0.181738
-0.0117983
0.186937
-0.00380167
0.192935
-0.0082
0.200532
-0.00420167
0.203732
0.00499667
0.20773
0.00139667
0.216127
-0.00300167
0.221725
0.00539667
0.223725
0.00499667
0.23652
-0.00100167
0.226923
0.00139667
0.250117
0.00259667
0.254515
0.000996667
0.260512
-0.00180167
0.26691
-0.00140167
0.274508
0.00139667
0.277707
-0.0062
0.284105
0.00179667
0.292102
-0.000201667
0.2997
0.00499667
0.2989
-0.0157967
0.306897
0.000198333
0.314895
-0.000601667
0.324492
-0.00460167
0.332488
0.007395
0.33129
-0.007
0.336488
-0.00140167
0.343685
-0.0082
0.350883
0.000596667
0.356882
-0.00140167
0.364478
-0.000201667
0.366078
0.000596667
0.371677
-0.00180167
0.380473
-0.00380167
0.380873
-0.000201667
0.38847
0.000996667
0.39167
0.006195
0.399267
-0.007
0.409263
-0.00180167
0.416062
0.00139667
0.416062
-0.00180167
0.424858
-0.00220167
0.434855
-0.00220167
0.436455
-0.00180167
0.442453
-0.000601667
0.448852
0.000596667
0.45405
-0.00220167
0.457648
-0.00260167
0.466445
0.00219667
0.472043
-0.000601667
0.474842
-0.00140167
0.48044
0.00379667
0.487238
-0.0129983
0.490037
0.0105933
0.494037
-0.00260167
0.500433
0.00379667
0.504033
0.006195
0.51203
-0.00300167
0.518428
-0.005
0.523227
-0.00260167
0.527225
0.000198333
0.536022
-0.00300167
0.540422
-0.00180167
0.546818
0.00139667
0.551217
-0.00140167
0.558015
0.00259667
0.561613
0.0165917
0.567212
-0.00180167
0.570012
-0.00140167
0.582407
-0.0149967
0.580408
-0.00220167
0.587605
0.00299667
0.595603
-0.00420167
0.597202
0.000198333
0.590405
-0.00420167
0.6056
0.000996667
0.610398
-0.00140167
0.618395
0.000198333
0.621195
-0.00180167
0.626393
-0.00100167
0.632392
0.00139667
0.639988
-0.0074
0.63759
-0.00100167
0.653983
0.00179667
0.649585
-0.00300167
0.652785
0.00419667
0.66438
-0.0058
0.66358
0.000596667
0.672378
-0.0062
0.675977
-0.007
0.680775
-0.000601667
0.685173
0.000996667
0.685973
0.000198333
0.688772
0.00419667
0.69517
0.00339667
0.703168
-0.00180167
0.706367
-0.00220167
0.710365
-0.005
0.717963
-0.00380167
0.718763
-0.0074
0.729558
0.00219667
0.730758
0.00379667
0.731558
-0.00300167
0.733558
0.00139667
0.740755
0.00179667
0.746353
0.000996667
0.747153
0.00419667
0.753152
-0.0058
0.75835
0.00339667
0.762748
0.00339667
0.765547
-0.00460167
0.765947
-0.00100167
0.774745
0.000996667
0.781942
-0.000201667
0.773545
-0.0074
0.791538
-0.00100167
0.79034
-0.0145983
0.792338
0.0153933
0.797137
0.00379667
0.797937
-0.00220167
0.803935
0.00459667
0.807933
-0.00100167
0.811532
0.00459667
0.811132
-0.00180167
0.823128
-0.00300167
0.81953
-0.0058
0.827127
-0.0054
0.830727
-0.00420167
0.832725
0.000996667
0.835925
0.000596667
0.840323
0.008195
0.839523
0.007395
0.845922
-0.000201667
0.851918
0.00179667
0.851918
0.00419667
0.855118
-0.00420167
0.860317
-0.00100167
0.861917
0.000596667
0.867113
0.00139667
0.875512
-0.00380167
0.873912
0.00299667
0.874712
-0.00100167
0.88231
-0.00100167
0.88071
-0.00260167
0.884308
-0.000601667
0.887907
-0.000601667
0.889907
-0.00340167
0.897903
0.006195
0.893905
-0.00380167
0.896305
0.0205917
0.903902
0.000198333
0.897903
0.00379667
0.9087
0.00299667
0.9127
-0.000601667
0.9107
-0.000601667
0.915898
-0.0086
0.921097
-0.00100167
0.917498
0.007795
0.923495
-0.00260167
0.921497
0.006595
0.926695
0.00379667
0.935492
0.000198333
0.931493
-0.000201667
0.925095
-0.00420167
0.935892
-0.00140167
0.94109
-0.00140167
0.937092
-0.0098
0.945088
-0.0082
0.948288
-0.00380167
0.945088
-0.000201667
0.949087
-0.0086
0.950687
-0.00420167
0.947888
0.00499667
0.955885
0.00539667
0.959483
0.00139667
0.956685
-0.00260167
0.952687
0.00379667
0.963483
0.000996667
0.963083
0.00419667
0.96908
0.00259667
0.968682
0.000596667
0.968682
-0.00140167
0.97028
0.006595
0.97148
-0.00260167
0.978678
0.000596667
0.975878
0.000596667
0.976678
-0.00100167
0.974678
0.00259667
0.982277
-0.00260167
0.978278
0.000198333
0.978678
0.007395
0.985475
-0.00140167
0.983077
0.008995
0.983877
-0.00180167
0.984277
-0.00100167
0.982277
-0.00260167
0.989473
-0.0074
0.989873
0.000996667
0.990673
0.000198333
1.00627
0.00379667
0.988675
-0.00140167
0.989473
-0.00420167
0.992273
-0.000201667
0.995072
0.00219667
0.993873
0.00419667
0.992273
-0.000201667
0.996672
0.00139667
0.997872
0.00219667
0.993873
-0.00420167
0.995072
-0.000601667
0.995872
-0.000201667
1.00107
0.00419667
0.997072
-0.00460167
1.00307
-0.00100167
0.997472
-0.00220167
0.998672
-0.022995
0.997472
0.005795
1.00547
0.00299667
0.998672
0.00179667
0.99987
-0.0086
1.00027
-0.00260167
0.997472
0.00139667
0.999072
0.00419667
1.00307
0.000596667
0.996272
0.00499667
1.00867
-0.00420167
0.998672
-0.000601667
0.998672
0.000996667
0.997872
0.00179667
1.00427
-0.00420167
0.999472
0.00219667
0.999072
-0.00100167
0.990673
-0.00180167
0.996672
0.0121933
0.999472
-0.00100167
0.993873
-0.00100167
0.993873
0.00219667
0.990673
0.007395
0.996672
-0.000201667
0.989075
-0.0078
0.989075
0.000996667
0.991473
-0.0082
0.992673
-0.00100167
0.991473
-0.000201667
0.991073
-0.000601667
0.989473
-0.0113983
0.989873
0.00499667
0.988675
-0.000601667
0.988675
0.0105933
0.989873
-0.00180167
0.981077
-0.00140167
0.982677
0.00179667
0.984675
-0.00180167
0.977878
0.005795
0.977078
-0.005
0.977478
-0.000601667
0.978678
-0.000601667
0.97228
0.006595
0.97188
-0.000201667
0.97228
-0.000601667
0.97028
0.00339667
0.966282
-0.0066
0.97108
0.000596667
0.964682
0.000198333
0.963483
-0.0082
0.955885
0.0133933
0.962283
0.006995
0.956685
-0.000201667
0.957085
0.009795
0.953487
0.00219667
0.949487
-0.000601667
0.952687
-0.00300167
0.946288
0.00419667
0.948288
0.00299667
0.947488
-0.00260167
0.94269
-0.00300167
0.94069
0.000596667
0.937892
0.000596667
0.94349
-0.00220167
0.932693
-0.00100167
0.932693
-0.00140167
0.932293
0.0145933
0.925895
-0.0125983
0.920297
0.00179667
0.922297
0.000198333
0.925095
-0.000601667
0.917498
0.00139667
0.915898
0.000596667
0.913498
0.00179667
0.9099
-0.00220167
0.903502
0.008995
0.905902
-0.00180167
0.902303
0.00339667
0.897903
-0.00300167
0.897505
-0.0133983
0.895905
0.000996667
0.891907
-0.00260167
0.889107
-0.00180167
0.889507
0.0109933
0.887907
-0.00300167
0.87831
0.000996667
0.87991
0.00339667
0.871513
0.00419667
0.869113
-0.00180167
0.872312
0.00179667
0.863515
0.006995
0.863515
0.005795
0.858317
-0.00100167
0.857517
-0.000601667
0.853118
0.008995
0.84712
-0.00300167
0.84712
-0.000201667
0.840323
0.000198333
0.836325
-0.0058
0.833125
-0.0145983
0.833525
0.00339667
0.829527
-0.00180167
0.809533
-0.0105983
0.81953
-0.00380167
0.81913
0.00419667
0.810733
0.00219667
0.810733
-0.00260167
0.806333
0.006595
0.795138
0.000596667
0.797937
0.000198333
0.793938
0.00379667
0.78994
0.000596667
0.78794
-0.000601667
0.783542
-0.000601667
0.779143
0.000596667
0.774345
0.00539667
0.775145
-0.020995
0.75915
-0.00140167
0.763148
0.000996667
0.762748
-0.00100167
0.753952
0.00379667
0.749553
0.00379667
0.744355
0.000596667
0.742755
-0.00380167
0.732758
0.005795
0.734358
-0.00140167
0.731958
0.00139667
0.720762
-0.00300167
0.719962
0.00339667
0.717563
-0.000601667
0.719163
-0.00140167
0.705567
-0.00260167
0.702768
-0.0113983
0.702368
0.0133933
0.69797
-0.00260167
0.689972
-0.00340167
0.687973
-0.0137983
0.681175
0.000198333
0.677977
-0.00100167
0.676377
-0.000601667
0.66438
0.000198333
0.66358
-0.00140167
0.657583
-0.00220167
0.654383
-0.000201667
0.646387
0.007795
0.640788
0.00219667
0.638388
-0.00100167
0.63319
0.0109933
0.631992
-0.00140167
0.625593
-0.0253933
0.612797
-0.00220167
0.614397
-0.0066
0.607598
-0.0078
0.607998
0.000198333
0.593603
0.00139667
0.594403
-0.0082
0.591205
-0.00380167
0.582807
-0.0062
0.577208
0.000596667
0.57401
-0.00220167
0.568012
0.007795
0.556415
-0.000601667
0.558815
-0.000201667
0.553217
0.00299667
0.551217
0.00139667
0.535223
0.000996667
0.546818
0.006995
0.530025
-0.000201667
0.521227
0.000198333
0.523227
-0.00220167
0.51363
-0.0086
0.510032
0.00379667
0.503633
0.00339667
0.504033
-0.0074
0.496035
0.000198333
0.488438
-0.00180167
0.488438
-0.00180167
0.475642
-0.00140167
0.469643
0.009795
0.465245
0.000198333
0.458048
-0.0054
0.45365
0.006995
0.45005
-0.0062
0.444052
0.00299667
0.434055
-0.00420167
0.430457
-0.0062
0.429257
-0.000201667
0.42206
0.000198333
0.417662
-0.005
0.410063
-0.0101983
0.408065
0.000596667
0.398467
-0.005
0.395668
-0.00220167
0.385272
-0.00260167
0.385272
-0.000201667
0.374875
-0.000201667
0.370477
0.00419667
0.36008
0.006595
0.35728
0.00219667
0.348483
-0.005
0.344485
0.005795
0.342085
0.007795
0.332888
-0.00100167
0.323292
-0.00340167
0.321293
0.00419667
0.317293
0.006995
0.310497
-0.00380167
0.306897
0.000996667
0.3001
0.010195
0.306897
-0.007
0.288903
-0.00220167
0.280507
-0.00140167
0.273708
-0.0098
0.263312
-0.007
0.264112
0.000596667
0.254915
0.007795
0.247317
-0.00380167
0.244518
0.00419667
0.232522
0.000198333
0.23652
0.000198333
0.228523
0.00499667
0.220525
-0.00220167
0.212528
0.000596667
0.20893
-0.00140167
0.200932
0.00139667
0.196533
-0.00180167
0.193735
-0.00380167
0.181738
-0.000201667
0.17814
-0.000201667
0.17374
0.006995
0.167743
-0.0054
0.157347
0.000996667
0.164143
-0.00100167
0.14455
-0.00340167
0.139352
-0.00220167
0.133353
0.006595
0.124157
-0.00380167
0.126957
0.000596667
0.11736
0.00179667
0.110562
0.00139667
0.0969667
0.00259667
0.0965667
-0.00100167
0.08697
0.009795
0.08377
-0.00100167
0.0777717
-0.000601667
0.068175
0.00259667
0.067375
-0.0101983
0.0585783
0.00139667
0.05258
-0.0157967
0.0449833
0.00219667
0.039785
0.00339667
0.036585
0.000198333
0.02259
-0.00140167
0.02219
-0.000601667
0.0105933
0.009395
0.010195
0.00179667
-0.000601667
0.00219667
-0.005
0.00339667
-0.0082
0.008995
-0.020195
-0.00140167
-0.024195
0.000198333
-0.0309917
0.0153933
-0.0317917
0.00379667
-0.0441883
-0.000201667
-0.0469867
-0.000601667
-0.0501867
0.0109933
-0.0605833
-0.0062
-0.06658
-0.00140167
-0.07058
0.000996667
-0.081375
0.000596667
-0.0885733
-0.0066
-0.0889733
-0.00180167
-0.103768
0.00179667
-0.104568
-0.0074
-0.111767
-0.005
-0.118163
0.005795
-0.123362
-0.000601667
-0.12776
0.00419667
-0.133358
0.006595
-0.147753
0.000596667
-0.147753
-0.000601667
-0.155752
-0.0066
-0.16055
0.0133933
-0.15935
-0.00140167
-0.180543
0.00539667
-0.179743
0.008595
-0.185342
0.00139667
-0.19014
-0.00340167
-0.197338
0.00419667
-0.203735
0.000996667
-0.205335
0.00499667
-0.216932
0.000198333
-0.224128
0.000996667
-0.231727
-0.00100167
-0.232527
0.00139667
-0.242923
0.008995
-0.245722
-0.000601667
-0.256118
0.00139667
-0.258918
-0.0169967
-0.274913
0.005795
-0.269715
0.00299667
-0.276912
-0.00140167
-0.288908
-0.000601667
-0.293707
0.00259667
-0.294907
-0.000201667
-0.302103
0.000198333
-0.3133
-0.0074
-0.3125
-0.0121983
-0.317298
0.000996667
-0.324897
-0.000601667
-0.328495
0.00219667
-0.339692
0.00339667
-0.34409
-0.000201667
-0.352087
0.00299667
-0.354487
0.006995
-0.354887
0.0129933
-0.365283
-0.00340167
-0.371282
0.00459667
-0.377678
0.008595
-0.386877
-0.00180167
-0.391675
0.000996667
-0.395673
-0.00140167
-0.40287
-0.000201667
-0.411268
-0.00260167
-0.409668
0.00419667
-0.420465
-0.000201667
-0.426063
-0.009
-0.432062
-0.0058
-0.43526
0.00379667
-0.444857
0.00139667
-0.448057
-0.0074
-0.452055
-0.0185967
-0.46605
0.00179667
-0.46765
0.00299667
-0.468848
-0.00460167
-0.477647
0.00499667
-0.486443
0.00419667
-0.487643
0.00539667
-0.493242
0.00219667
-0.500438
-0.000601667
-0.509237
0.000596667
-0.509635
-0.000601667
-0.514833
0.00139667
-0.520032
0.000596667
-0.521232
-0.00380167
-0.530028
0.00419667
-0.535627
-0.000601667
-0.536827
0.00179667
-0.540825
0.007795
-0.554022
-0.0058
-0.55802
0.00259667
-0.562818
-0.00460167
-0.569617
0.009795
-0.570815
-0.00140167
-0.578013
0.00139667
-0.58801
-0.0062
-0.595608
0.00459667
-0.591608
0.00219667
-0.596807
0.000198333
-0.607203
-0.00220167
-0.604805
-0.0082
-0.610003
0.00139667
-0.6176
0.000198333
-0.6208
0.000198333
-0.625998
-0.0066
-0.629197
0.006195
-0.639593
-0.00180167
-0.638393
-0.00100167
-0.64799
-0.00420167
-0.65039
0.000198333
-0.653988
0.00259667
-0.658787
-0.00380167
-0.668783
0.0133933
-0.671183
-0.000601667
-0.674782
0.000596667
-0.67878
0.0109933
-0.686378
0.00459667
-0.689177
-0.00140167
-0.693975
-0.000201667
-0.699173
-0.00100167
-0.705172
-0.0062
-0.71237
-0.0101983
-0.716368
0.00259667
-0.71317
-0.0094
-0.719967
-0.00380167
